1 15 6
2 15 6
3 36 5
4 54 5
5 90 14
6 107 13
7 121 61
8 175 6
9 175 6
10 184 13
11 218 28
12 297 12
13 303 6
14 303 6
15 640 6
16 640 6
17 823 18
18 823 18
19 865 17
20 886 6
21 998 9
22 1089 9
23 1199 9
24 1221 14
25 1230 5
26 1261 9
27 1348 4
28 1379 6
29 1379 6
30 1419 17
31 1464 19
32 1471 4
33 1478 5
34 1530 9
35 1564 6
36 1592 6
37 1592 6
38 1634 6
39 1674 8
40 1674 8
41 2024 9
42 2124 29
43 2183 13
44 2218 6
45 2218 6
46 2225 2
47 2298 2
48 2346 6
49 2346 6
50 2442 6
51 2442 6
52 2449 17
53 2461 5
54 2539 6
55 2539 6
56 2570 8
57 2570 8
58 2667 6
59 2667 6
60 2710 63
61 2781 8
62 2980 6
63 2980 6
64 3331 57
65 3331 12
66 3344 28
67 3362 10
68 3390 5