1 0 38
2 47 14
3 93 7
4 101 32
5 162 5
6 206 39
7 214 31
8 221 24
9 254 10
10 288 20
11 342 14
12 387 3
13 417 27
14 446 5
15 505 10
16 517 10
17 530 2
18 548 21
19 561 8
20 572 21
21 627 2
22 646 4
23 659 9
24 678 9
25 738 4
26 773 39
27 829 2
28 853 41
29 897 4
30 910 12
31 933 57
32 933 18
33 954 36
34 1054 7
35 1088 33
36 1130 12
37 1185 23
38 1237 6
39 1251 32
40 1319 17
41 1348 13
42 1353 8
43 1370 19
44 1409 52
45 1417 12
46 1527 13
47 1542 5
48 1550 8
49 1575 17
50 1622 16
51 1650 21
52 1724 23
53 1752 19
54 1774 12
55 1795 16
56 1844 16
57 1867 6
58 1917 40
59 1966 13
60 1991 36
61 2050 7
62 2060 3
63 2065 7
64 2095 42
65 2153 14
66 2176 12
67 2198 24
68 2232 4
69 2245 26
70 2274 19
71 2309 2
72 2520 13
73 2545 33
74 2600 18
75 2606 12
76 2626 7
77 2649 15
78 2667 10
