1 0 4
2 24 9
3 76 27
4 85 18
5 118 53
6 154 8
7 165 6
8 205 50
9 232 14
10 249 6
11 270 4
12 284 8
13 422 8
14 484 8
15 565 6
16 572 14
17 619 11
18 728 10
19 821 3
20 836 4
21 853 18
22 962 36
23 1100 8
24 1246 9
25 1292 2
26 1390 9
27 1463 14
28 1496 10
29 1509 33
30 1532 10
31 1570 22
32 1604 8
33 1616 5
34 1616 36
35 1690 36
36 1737 3
37 1849 18
38 2101 3
39 2165 8
40 2203 10
41 2250 13
42 2296 20
43 2350 9
44 2361 3
45 2401 44
46 2481 6
47 2494 3
48 2658 18
49 2662 14
50 2727 8
51 2739 3
52 2748 24
53 2748 4
54 2774 31
55 2808 13
56 2836 3
57 3039 34
58 3052 21
59 3058 15
60 3075 2
61 3093 6
62 3359 41
63 3447 8
64 3503 2
65 3525 3
66 3578 3
67 3639 3
68 3834 10
69 3847 21
70 3924 14
71 3939 8
72 4025 11
73 4033 3
74 4049 26
75 4113 9
76 4196 26
77 4216 6
78 4241 20
79 4290 14
80 4402 5
81 4419 6
82 4459 9
83 4479 4
84 4506 20
85 4516 10
86 4577 8
87 4598 9
88 4628 6
89 4673 30
90 4708 11
91 4726 11
92 4824 8
93 4836 6
94 4851 28
95 4883 13
96 4947 7
97 4971 7
98 4992 7
99 5009 5
100 5024 7
101 5041 8
102 5057 6
103 5067 13
104 5077 3
105 5116 6
106 5157 9
107 5170 3
108 5209 3
109 5225 3
110 5265 19
111 5306 7
112 5322 15
113 5356 4
114 5371 8
115 5439 2
116 5442 4
117 5535 12
118 5569 5
119 5637 26
120 5682 5
121 5729 9
122 5940 9
123 5975 8
124 6005 5
125 6093 12
126 6106 3
127 6127 8
128 6149 3
129 6189 17
130 6217 5
131 6232 75
132 6316 8
133 6345 31
134 6365 11
135 6379 9
136 6508 37
137 6573 12
138 6579 6
139 6637 4
140 6755 4
141 6816 17
142 6853 8
143 6889 17
144 6967 8
145 7002 3
146 7049 14
147 7118 1
148 7120 3
149 7142 4
150 7169 6
151 7194 2
152 7205 46
153 7265 3
154 7271 2
155 7288 11
156 7323 3
157 7340 8
158 7441 14
159 7616 43
160 7660 8
161 7698 6
162 7726 4
163 7783 10
164 7817 3
165 7821 3
166 7833 2
167 7858 3
168 7895 3
169 7924 12
170 7947 5
171 7966 55
172 7972 26
173 7989 9
174 8018 3
175 8032 25
176 8081 25
177 8108 8
178 8132 19
179 8143 8
180 8184 8
181 8215 16
182 8258 9
183 8279 30
184 8355 3
185 8397 16
186 8445 8
187 8456 6
188 8464 3
189 8511 2