1 0 17
2 24 17
3 60 7
4 69 6
5 79 11
6 116 15
7 124 7
8 229 6
9 318 17
10 367 14
11 383 24
12 505 20
13 639 49
14 676 12
15 826 6
16 836 43
17 873 6
18 952 12
19 952 43
20 978 8
21 1054 10
22 1073 10
23 1110 17
24 1110 40
25 1121 6
26 1130 8
27 1139 11
28 1201 9
29 1213 14
30 1385 10
31 1421 36
32 1421 15
33 1450 7
34 1495 15
35 1504 6
36 1708 50
37 1749 9
38 1815 11
39 1942 12
40 1984 10
41 2040 4
42 2051 35
43 2080 6
44 2088 2
45 2203 7
46 2249 17
47 2352 11
48 2452 25
49 2470 7
50 2505 3
51 2518 17
52 2564 26
