1 36 13
2 78 126
3 107 47
4 164 40
5 221 11
6 257 31
7 290 3
8 308 14
9 415 2
10 659 25
11 719 14
12 735 3
13 828 10
14 840 3
15 941 2
16 981 18
17 1001 22
18 1009 8
19 1018 5
20 1027 2
21 1031 56
22 1039 5
23 1047 10
24 1060 11
25 1074 13
26 1107 14
27 1130 6
28 1160 6
29 1188 2
30 1192 31
31 1200 5
32 1206 11
33 1218 5
34 1227 3
35 1232 34
36 1232 11
37 1244 11
38 1256 10
39 1327 14
40 1335 6
41 1343 7
42 1392 8
43 1403 8
44 1414 2
45 1558 2
46 1579 2
47 1589 3
48 1660 10
49 1703 3
50 1708 3
51 1729 50
52 1748 25
53 1775 3
54 1826 6
55 1834 11
56 1847 12
57 1862 6
58 1924 8
59 1996 12
60 2011 3
61 2120 3
62 2126 4
63 2184 13
64 2200 12
65 2226 3
