1 0 3
2 27 10
3 73 1
4 143 14
5 184 51
6 215 20
7 241 8
8 251 7
9 281 2
10 326 4
11 411 7
12 430 10
13 479 1
14 572 21
15 613 4
16 613 19
17 637 7
18 657 2
19 724 11
20 737 3
21 767 5
22 819 3
23 914 9
24 953 5
25 1035 18
26 1056 10
27 1071 3
28 1192 8
29 1266 2
30 1275 13
31 1291 6
32 1300 29
33 1350 4
34 1389 1
35 1391 2
36 1427 1
37 1451 10
38 1465 11
39 1578 10
40 1606 3
41 1703 10
42 1857 28
43 1909 8
44 1920 52
45 1977 44
46 2067 11
47 2079 1
48 2179 2
49 2182 32
50 2205 9
51 2273 3
52 2277 1
53 2474 6
54 2589 6
55 2698 18
56 2719 2
57 2755 6
58 2817 6
59 2831 34
60 2906 17
61 2927 24
62 2994 20
63 3097 6
64 3134 2
65 3166 53
66 3176 20
67 3242 6
68 3300 109
69 3306 103
70 3388 20
71 3411 7
72 3462 6
73 3622 19
74 3643 8
75 3708 6
76 3725 18
77 3779 2
78 3832 2
79 3871 26
80 3895 2
81 3903 4
82 3921 11
83 3936 6
84 3983 6
85 4026 18
86 4059 12
87 4124 11
88 4124 22
89 4205 10
90 4205 18
91 4247 4
92 4282 10
93 4358 6
94 4389 2
95 4497 20
96 4560 20
97 4656 18
98 4690 18
99 4713 34
100 4749 106
101 4755 100
102 4806 20
103 4900 2
104 4928 22
105 4964 34
106 5031 18
107 5063 2
108 5249 116
109 5335 6
110 5385 11
111 5385 23
112 5425 6
113 5435 34
114 5474 18
115 5524 2
116 5780 6
117 5789 3
118 5901 1
119 5924 10
120 5960 17
121 5978 1
122 5989 2
123 5995 18
124 6015 12
125 6067 6
126 6130 12
127 6239 6
128 6282 12
129 6375 2
130 6470 4
131 6486 3
132 6509 31
133 6608 6
134 6667 3
135 6714 1
136 6867 16
