1 0 13
2 15 38
3 50 3
4 55 38
5 90 3
6 107 37
7 112 32
8 115 28
9 139 5
10 158 74
11 178 54
12 245 43
13 251 37
14 283 5
15 291 12
16 305 14
17 351 12
18 365 26
19 409 5
20 465 9
21 465 18
22 529 29
23 553 5
24 560 3
25 596 16
26 761 6
27 794 6
28 801 14
29 833 40
30 897 27
31 927 6
32 1007 25
33 1093 12
34 1111 24
35 1129 6
36 1145 9
37 1202 39
38 1235 6
39 1282 52
40 1328 6
41 1357 12
42 1391 71
43 1404 58
44 1459 3
45 1496 17
46 1496 9
47 1515 11
48 1548 9
49 1566 8
50 1600 14
51 1609 5
52 1615 8
53 1648 8
54 1672 39
55 1685 26
56 1693 5
57 1699 12
58 1739 66
59 1769 17
60 1827 37
61 1885 12
62 1914 5
63 1968 38
64 1987 19
65 1999 7
66 2008 6
67 2037 31
68 2061 7
69 2069 9
70 2069 16
71 2114 58
72 2216 3
73 2291 6
74 2369 7
75 2473 4
76 2509 4
77 2553 12
78 2568 46
79 2595 6
80 2625 112
81 2691 6
82 2700 3
83 2739 3
84 2871 38
85 3111 30
86 3144 2
87 3311 12
88 3357 5
89 3406 12
90 3461 3
91 3473 5
92 3515 23
93 3619 12
94 3647 25
95 3669 3
96 3686 40
97 3759 12
98 3780 41
99 3818 3
