1 17 9
2 88 35
3 96 6
4 105 9
5 117 6
6 139 6
7 154 10
8 173 7
9 181 52
10 195 7
11 204 9
12 216 17
13 283 7
14 335 42
15 343 16
16 362 15
17 391 7
18 414 6
19 425 11
20 481 16
21 549 9
22 612 7
23 622 17
24 666 3
25 672 18
26 784 3
27 881 27
28 892 2
29 923 26
30 931 6
31 940 9
32 964 53
33 980 11
34 980 22
35 1022 3
36 1095 25
37 1166 6
38 1200 4
39 1222 3
40 1234 17
41 1309 6
42 1343 2
43 1389 16
44 1452 55
45 1475 18
46 1639 19
47 1670 32
48 1681 7
49 1787 5
50 1811 2
51 1845 9
52 1876 3
53 1958 7
54 1968 7
55 2003 14
56 2029 9
57 2079 8
58 2103 20
59 2140 12
60 2243 22
61 2258 7
62 2316 6
63 2325 16
64 2339 2
65 2345 7
66 2438 4
67 2502 7
68 2517 3
69 2535 43
70 2580 38
71 2653 37
72 2678 7
73 2688 2
74 2740 8
75 2774 7
76 2806 24
77 2824 6
78 2961 8
79 3002 9
80 3022 22
81 3057 6
82 3076 6
83 3093 4
84 3229 6
85 3245 10
86 3245 24
87 3270 4
88 3305 6
89 3337 6
90 3358 3
91 3424 6
92 3434 7
93 3466 7
94 3475 6
95 3502 7
96 3524 8
97 3593 5
98 3637 20
99 3713 7
100 3741 40
101 3751 10
102 3818 6
103 3889 59
104 3897 11
105 3897 19
106 3929 19
107 3967 3
108 4064 42
109 4111 25
110 4154 14
111 4154 7
112 4179 11
113 4233 20
114 4273 10
115 4320 3
116 4402 4
117 4459 3
118 4465 2
119 4484 7
120 4545 7
121 4557 9
122 4619 6
123 4630 6
124 4681 2
125 4686 8
126 4719 41
127 4798 9
128 4828 2
129 4833 19
130 4833 11
