1 41 8
2 130 6
3 171 7
4 183 9
5 183 2
6 186 6
7 232 16
8 242 6
9 263 6
10 286 2
11 309 2
12 324 27
13 334 17
14 345 6
15 405 6
16 423 5
17 423 17
18 462 3
19 561 7
20 644 19
21 675 43
22 711 7
23 737 16
24 755 15
25 772 21
26 795 22
27 819 50
28 973 5
29 988 6
30 1085 15
31 1094 6
32 1170 6
33 1188 3
34 1204 11
35 1209 6
36 1246 5
37 1253 4
38 1337 10
39 1341 6
40 1391 16
41 1401 6
42 1410 19
43 1423 6
44 1431 24
45 1485 5
46 1552 9
47 1658 14
48 1666 6
49 1667 4
50 1675 11
51 1732 11
52 1797 17
53 1815 16
54 1825 6
55 1896 3
56 1918 3
57 2001 3
58 2034 15
59 2044 5
60 2071 4
61 2071 66
62 2174 9
63 2191 11
64 2260 75
65 2282 53
66 2357 9
67 2367 9
68 2378 4
69 2418 18
70 2428 2
71 2438 4
72 2474 12
73 2506 12
74 2513 5
75 2519 9
76 2530 4
77 2549 6
78 2589 29
79 2599 19
80 2605 13
81 2633 26
82 2640 19
83 2660 9
84 2732 5
85 2801 6
86 2827 3
87 2974 5
88 3015 29
89 3025 19
90 3031 13
91 3085 28
92 3137 17
93 3148 6
94 3157 41
95 3157 24
96 3182 3
97 3222 28
98 3379 21
99 3503 7
100 3503 22
101 3511 29
102 3562 3
103 3574 22
104 3590 6
105 3599 29
106 3609 19
107 3622 6
108 3641 39
109 3647 33
110 3674 6
111 3688 36
112 3753 12
113 3774 6
114 3783 43
115 3807 19
116 3813 13
117 3839 19
118 3845 13
119 3912 55
120 3998 19
121 4021 44
122 4046 19
123 4052 13
124 4077 19
125 4106 49
126 4130 25
127 4143 12
128 4168 28
129 4182 14
130 4254 42
131 4277 19
132 4290 6
133 4325 4
134 4325 9
135 4343 23
136 4349 5
137 4378 17
138 4396 24
139 4396 77
140 4401 19
141 4429 44
142 4448 25
143 4461 12
144 4476 45
145 4502 19
146 4508 13
147 4723 21
148 4731 13
149 4739 5
150 4816 53
151 4822 47
152 4837 32
153 4848 21
154 4856 13
155 4864 5
156 4882 34
157 4897 19
158 4909 7
159 4925 12
160 4931 6
161 4938 39
162 4961 16
163 4961 3
164 4997 4
165 4997 9
166 5052 46
167 5140 31
168 5145 26
169 5158 13
170 5166 5
171 5190 35
172 5210 15
173 5210 2
174 5228 5
175 5245 15
176 5252 8
177 5263 17
178 5294 5
179 5312 12
180 5363 39
181 5371 31
182 5430 52
183 5443 39
184 5451 31
185 5491 16
186 5557 6
187 5625 12
188 5651 15
189 5692 19
190 5721 17
191 5733 5
192 5823 5
193 5864 6
194 5953 27
195 5994 5
196 6017 12
197 6017 75
198 6072 20
199 6085 7
200 6094 38
201 6113 19
202 6135 59
203 6178 16
204 6188 6
205 6206 16
206 6216 6
207 6265 37
208 6286 16
209 6296 6
210 6310 5
211 6357 30
212 6401 5
213 6424 12
214 6512 7
215 6522 82
216 6649 21
217 6762 7
218 6781 2
219 6781 17
220 6848 12
221 6906 38
222 6906 15
223 6922 22
224 6970 19
225 7059 7
226 7067 14
227 7067 3
228 7093 6
229 7131 16
230 7141 6
231 7177 6
232 7195 27
233 7227 3
234 7268 17
235 7279 6
236 7298 3
237 7333 7
238 7373 6
239 7402 67
240 7447 7
241 7455 3
242 7455 14
243 7498 22
244 7533 2
245 7611 24
246 7629 6
247 7670 3
248 7747 6
249 7774 11
250 7825 14
251 7846 16
252 7869 28
253 7883 14
254 7914 6
255 7914 12
256 7976 22
257 8095 16
258 8137 7
259 8158 10
260 8170 8
261 8215 31
262 8227 8
263 8236 10
264 8337 8
265 8535 88
266 8588 7
267 8626 5
268 8651 21
269 8805 11
270 8830 4
271 8863 15
272 8907 17
273 9005 26
274 9318 14
275 9370 3
276 9495 11
277 9518 16
278 9562 5
279 9571 10
280 9616 21
281 9631 6
282 9644 3
283 9681 5
284 9704 31
285 9729 6
286 9739 10
287 9789 11
288 9794 6
289 9835 21
290 9850 6
291 9864 3
292 9864 8
293 9914 3
294 9970 17
295 9975 12
296 10123 6
297 10142 27
298 10213 5
299 10243 12
300 10248 7
301 10310 2
302 10393 3
303 10415 2
304 10415 17
305 10657 26
306 10758 5
307 10795 19
308 10840 3
309 10852 3
310 10960 3
311 11075 26
312 11133 31
313 11146 18
314 11379 9
315 11391 18
316 11403 6
317 11471 10
318 11495 12
319 11664 18
320 11684 11
321 11689 6
322 11712 29
323 11772 9
324 11784 11
325 11846 26
326 11939 15
327 12008 26
328 12091 17
329 12302 28
330 12332 2
331 12409 25
332 12486 18
333 12643 17
334 12716 26
335 12726 16
336 12759 2
337 12871 26
338 12978 18
339 13011 3
340 13047 20
341 13083 17
342 13145 17
343 13186 17
344 13234 19
345 13270 2
346 13387 31
347 13550 5
348 13663 30
349 13713 36
350 13790 18
351 13795 13
352 13846 29
353 13903 16
354 13986 11
355 14025 17
356 14081 20
357 14124 5
358 14167 13
359 14205 10
360 14224 6
361 14233 11
362 14263 4
363 14285 10
364 14297 4
365 14328 6
366 14337 11
367 14379 11
368 14391 5
369 14398 11
370 14412 17
371 14417 12
372 14533 17
373 14564 16
374 14575 5
375 14647 5
376 14759 6
377 14783 19
378 14844 11
379 14957 5
380 15009 28
381 15020 17
382 15059 3
383 15078 5
384 15123 10
385 15138 13
386 15181 5
387 15212 13
388 15297 35
389 15322 10
390 15334 39
391 15347 9
392 15364 9
393 15384 58
394 15420 22
395 15458 16
396 15468 6
397 15539 22
398 15601 22
399 15668 22
400 15699 29
401 15719 9
402 15781 19
403 15905 22
404 15936 29
405 16032 19
406 16213 6
407 16222 3
408 16222 9
409 16236 29
410 16249 16
411 16256 9
412 16266 24
413 16278 12
414 16328 30
415 16368 5
416 16377 15
417 16395 19
418 16417 28
419 16434 11
420 16447 11
421 16510 12
422 16516 6
423 16525 29
424 16538 16
425 16545 9
426 16576 10
427 16596 5
428 16605 5
429 16632 4
430 16649 5
431 16700 4
432 16707 32
433 16717 22
434 16741 11
435 16746 6
436 16767 53
437 16767 8
438 16827 13
439 16832 8
440 16843 5
441 16860 23
442 16865 18
443 16934 12
444 16941 5
445 16947 24
446 16952 19
447 16986 22
448 16996 12
449 17010 4
450 17043 6
451 17051 9
452 17081 11
453 17086 6
454 17097 4
455 17112 16
456 17122 6
457 17131 4
458 17144 21
459 17166 14
460 17183 11
461 17347 15
462 17369 5
463 17375 9
464 17424 11
465 17429 6
466 17451 9
467 17469 5
468 17475 9
469 17523 7
470 17549 11
471 17554 6
472 17591 9
473 17673 16
474 17739 4
475 17755 29
476 17819 11
477 17824 6
478 17850 35
479 17869 16
480 17869 3
481 17943 10
482 17956 27
483 17965 18
484 18030 6
485 18044 5
486 18095 17
487 18106 6
488 18115 41
489 18140 3
490 18140 16
491 18268 24
492 18393 4
493 18423 11
494 18428 6
495 18448 19
496 18494 15
497 18640 57
498 18691 6
499 18730 11
500 18742 13
501 18775 23
502 18775 3
503 18779 19
504 18801 14
505 18822 16
506 18881 2
507 18903 9
508 18923 6
509 18962 9
510 18966 5
511 19097 7
512 19185 11
513 19201 34
514 19262 29
515 19267 24
516 19318 44
517 19318 10
518 19329 33
519 19391 12
520 19433 28
521 19456 5
522 19571 38
523 19656 6
524 19683 33
525 19732 202
526 19737 6
527 19786 3
528 19786 16
529 19818 10
530 19838 68
531 19849 57
532 19893 13
533 19944 31
534 19949 26
535 20014 2
536 20014 15
537 20131 6
538 20182 7
539 20205 3
540 20242 12
541 20248 6
542 20257 36
543 20277 3
544 20277 16
545 20311 16
546 20321 6
547 20351 21
548 20400 2
549 20400 15
550 20432 2
551 20508 5
552 20555 6
553 20589 38
554 20610 17
555 20620 7
556 20669 10
557 20713 11
558 20742 18
559 20761 16
560 20771 6
561 20881 17
562 20938 12
563 20943 7
564 20983 8
565 21038 8
566 21097 6
567 21115 29
568 21169 20
569 21360 7
570 21429 31
571 21463 17
572 21463 111
573 21482 7
574 21522 30
575 21527 25
576 21540 12
577 21590 24
578 21607 7
579 21633 39
580 21682 2
581 21808 5
582 21873 24
583 21890 7
584 21931 7
585 21954 3
586 21954 14
587 21988 17
588 22006 16
589 22016 6
590 22062 67
591 22093 36
592 22111 3
593 22111 18
594 22148 9
595 22201 19
596 22214 6
597 22236 16
598 22246 6
599 22256 29
600 22266 19
601 22279 6
602 22291 27
603 22300 18
604 22319 16
605 22329 6
606 22378 26
607 22393 5
608 22399 5
609 22435 21
610 22445 11
611 22460 16
612 22470 6
613 22516 36
614 22526 26
615 22541 5
616 22547 5
617 22572 17
618 22583 6
619 22605 79
620 22647 7
621 22670 14
622 22670 3
623 22701 11
624 22706 6
625 22713 21
626 22718 16
627 22718 3
628 22800 17
629 22811 6
630 22821 22
631 22837 6
632 22871 7
633 22944 20
634 23006 20
635 23011 15
636 23011 2
637 23062 11
638 23067 6
639 23074 3
640 23100 3
641 23100 12
642 23186 29
643 23318 37
644 23339 16
645 23349 6
646 23508 34
647 23599 17
648 23610 6
649 23888 3
650 23928 56
651 24011 29
652 24093 16
653 24103 6
654 24165 10
655 24189 6
656 24229 8
657 24249 34
658 24259 24
659 24272 5
660 24278 5
661 24287 37
662 24308 16
663 24318 6
664 24378 23
665 24404 10
666 24448 7
667 24493 29
668 24523 23
669 24566 6
670 24603 29
671 24645 31
672 24689 25
673 24734 6
674 24793 5
675 24826 10
676 24868 16
677 24875 9
678 24938 10
679 24980 38
680 25013 5
681 25019 16
682 25029 6
683 25087 67
684 25097 57
685 25112 5
686 25124 30
687 25136 3
688 25222 16
689 25222 106
690 25232 6
691 25240 7
692 25280 26
693 25290 16
694 25290 3
695 25353 16
696 25360 9
697 25411 7
698 25434 14
699 25434 3
700 25463 24
701 25481 6
702 25546 12
