1 0 5
2 35 5
3 47 9
4 58 18
5 117 6
6 125 3
7 139 27
8 168 7
9 195 54
10 215 34
11 232 17
12 269 4
13 283 5
14 329 5
15 329 11
16 368 9
17 379 10
18 419 9
19 501 5
20 508 46
21 561 6
22 595 13
23 619 9
24 663 6
25 673 23
26 705 2
27 786 8
28 847 5
29 854 9
30 876 3
31 880 50
32 935 3
33 958 5
34 970 35
35 996 9
36 1007 7
37 1050 27
38 1072 5
39 1089 5
40 1099 44
41 1209 14
42 1245 3
43 1282 13
44 1303 5
45 1344 8
46 1369 2
47 1509 9
48 1552 10
49 1643 5
50 1708 9
51 1746 2
52 1785 12
53 1791 6
54 1814 6
55 1824 12
56 1830 6
57 1863 31
58 1898 3
59 1905 11
60 1910 6
61 1980 5
62 2010 9
63 2062 11
64 2067 6
65 2094 3
66 2170 5
67 2178 9
68 2188 27
69 2193 2
70 2193 22
71 2219 13
72 2278 8
73 2287 9
74 2375 14
75 2466 5
76 2510 17
77 2543 15
78 2553 5
79 2586 9
80 2613 4
81 2660 4
82 2677 9
83 2785 12
84 2785 2
85 2817 10
86 2837 3
87 2887 5
88 2903 3
89 2912 3
90 2962 3
91 3001 9
92 3091 18
93 3100 9
94 3110 49
95 3142 5
96 3172 5
97 3182 10
98 3193 8
99 3296 5
100 3307 13
101 3322 7
102 3344 3
103 3357 15
104 3357 4
105 3381 3
106 3408 12
107 3414 6
108 3431 32
109 3478 5
110 3484 23
111 3515 3
112 3544 4
113 3558 44
114 3571 19
115 3581 9
116 3627 6
117 3672 6
118 3683 14
119 3699 5
120 3721 26
121 3799 6
122 3820 5
123 3829 21
124 3893 13
125 3900 6
126 3944 41
127 3972 13
128 4044 6
129 4106 9
130 4134 19
131 4145 8
132 4183 2
133 4238 5
134 4262 10
135 4275 20
136 4287 8
137 4311 45
138 4311 2
139 4406 9
140 4512 8
141 4522 3
142 4551 9
143 4596 3
144 4657 27
145 4663 9
146 4706 5
147 4712 3
148 4738 27
149 4748 17
150 4790 4
151 4905 5
152 4934 4
153 4960 9
154 4971 5
155 4987 29
156 5010 6
157 5018 7
158 5041 2
159 5098 6
160 5166 24
161 5187 3
162 5260 9
163 5301 3
164 5330 24
165 5376 3
166 5376 9
167 5393 27
168 5403 17
169 5435 11
170 5490 3
171 5525 9
172 5580 5
173 5617 5
174 5711 18
175 5724 5
176 5767 4
177 5790 2
178 5835 6
179 5852 23
180 5865 10
181 5916 4
182 5950 11
183 5950 20
184 6005 24
185 6023 6
186 6088 12
187 6168 5
188 6195 5
189 6237 18
190 6257 7
191 6304 6
192 6349 2
193 6368 5
194 6383 25
195 6413 2
196 6434 6
197 6459 6
198 6489 25
199 6515 36
200 6524 10
201 6569 7
202 6629 4
203 6636 4
204 6668 6
205 6676 19
206 6686 9
207 6719 10
208 6752 4
209 6795 3
210 6890 5
211 6951 9
212 6981 5
213 7046 9
214 7066 2
215 7102 8
216 7113 23
217 7126 10
218 7200 24
219 7221 3
220 7254 10
221 7299 3
222 7367 22
223 7368 12
