1 0 16
2 22 3
3 35 1
4 53 3
5 438 1
6 442 5
7 463 3
8 502 15
9 589 15
10 806 5
11 1038 1
12 1052 1
13 1152 8
14 1178 12
15 1336 12
16 1437 12
17 1437 4
18 1491 4
19 1503 12
20 1503 4
21 1596 4
22 1903 3
23 1922 3
24 1980 8
25 1991 4
26 1996 8
27 2040 36
28 2085 23
29 2111 21
30 2143 14
31 2166 3
32 2166 8
33 2176 3
34 2213 1
35 2278 5
36 2443 5
37 2643 1
38 2799 5
39 2900 5
40 2932 4
41 2968 4
42 2994 4
43 3043 13
44 3063 2
45 3108 4
46 3128 2
47 3198 4
48 3267 5
49 3287 5
50 3287 18
51 3330 4
52 3347 3
53 3392 4
54 3410 4
55 3453 3
56 3475 26
57 3564 16
58 3600 3
59 3621 3
60 4017 10
61 4105 2
62 4142 11