1 11 16
2 40 26
3 68 36
4 149 28
5 162 15
6 171 6
7 195 27
8 230 23
9 258 21
10 285 5
11 299 10
12 312 11
13 312 5
14 344 5
15 378 14
16 402 10
17 402 4
18 415 100
19 478 2
20 499 16
21 517 5
22 534 14
23 560 3
24 609 3
25 625 20
26 665 3
27 677 2
28 727 14
29 755 13
30 776 8
31 798 15
32 846 2
33 854 30
34 892 2
35 905 5
36 921 47
37 978 14
38 1008 7
39 1032 5
40 1046 13
41 1054 5
42 1062 11
43 1089 4
44 1096 11
45 1117 37
46 1134 7
47 1164 51
48 1179 20
49 1239 10
50 1265 5
51 1307 18
52 1326 6