1 0 22
2 24 22
3 73 18
4 93 7
5 140 16
6 219 16
7 237 26
8 286 42
9 318 10
10 386 18
11 406 29
12 438 36
13 487 11
14 518 30
15 532 16
16 538 10
17 564 4
18 586 12
19 602 9
20 623 97
21 752 12
22 765 5
23 783 8
24 821 28
25 860 5
26 896 8
27 926 35
28 1000 12
29 1013 9
30 1039 13
31 1039 76
32 1056 38
33 1056 16
34 1065 7
35 1073 8
36 1100 6
37 1119 27
38 1130 8
39 1148 2
40 1211 9
41 1222 11
42 1280 9
43 1338 8
44 1376 12
45 1400 27
46 1416 2
47 1436 26
48 1473 8
49 1502 2
50 1532 12
51 1547 8
52 1629 22
53 1672 12
54 1706 12
55 1724 29
56 1779 29
57 1824 22
58 1850 32
59 1909 45
60 1965 11
61 2040 10
62 2066 9
63 2078 31
64 2078 5
65 2119 12
66 2125 6
67 2186 3
68 2260 8
69 2287 13
70 2303 28
71 2344 19
72 2401 61
73 2409 23
74 2465 31
75 2471 13
76 2514 27
77 2529 12
78 2550 12
79 2593 5
80 2593 30
81 2656 29
82 2697 7
83 2786 44
84 2794 12
85 2807 10
86 2820 10
87 2835 29
88 2846 6
89 2854 10
90 2920 10
91 2948 4
92 2972 9
93 2984 22
94 3025 22
95 3052 27
96 3083 46
97 3131 13
98 3151 31
99 3188 9
100 3219 2
101 3222 10
102 3235 9
103 3271 45
104 3298 18
