1 33 15
2 50 5
3 96 15
4 230 15
5 263 4
6 271 13
7 302 4
8 359 4
9 372 3
10 405 2
11 541 17
12 559 6
13 574 2
14 579 5
15 791 15
16 835 8
17 874 14
18 897 27
19 902 22
20 925 15
21 961 6
22 986 10
23 1046 9
24 1068 6
25 1086 139
26 1107 20
27 1117 10
28 1156 9
29 1219 6
30 1228 16
31 1263 14
32 1263 8
33 1280 4
34 1295 6
35 1305 2
36 1374 7
37 1384 3
38 1394 9
39 1406 6
40 1440 11
41 1454 19
42 1474 2
43 1486 5
44 1507 8
45 1516 4
46 1541 3
47 1545 5
48 1552 7
49 1604 2
50 1646 27
51 1675 9
52 1742 2
53 1758 8
54 1773 7
55 1783 5
56 1790 3
57 1826 3
58 1845 5
59 1859 6
60 1889 3
61 1912 4
62 1934 2
63 1937 14
64 1982 2
65 2004 6
66 2033 2
67 2043 7
68 2066 10
69 2093 5
70 2136 8
71 2187 4
72 2257 18
73 2284 4
74 2295 15
75 2322 19
76 2346 7
77 2364 15
78 2388 27
79 2445 7
80 2463 5
81 2469 6
82 2574 7
83 2589 4
84 2630 6
85 2681 8
86 2698 12
87 2731 3
88 2808 7
89 2818 7
90 2868 2
91 2934 12
92 2988 3
93 3008 7
94 3017 6
95 3024 12
96 3054 2
97 3089 12
98 3127 4
99 3198 3
100 3209 7
101 3308 24
102 3325 7
103 3335 2
104 3349 10
105 3355 4
106 3391 8
107 3489 5
108 3510 13
109 3542 4
110 3571 12
111 3629 62
112 3664 27
113 3777 13
114 3803 8
115 3926 6
