1 18 6
2 26 6
3 34 13
4 57 42
5 101 7
6 120 20
7 162 6
8 774 31
9 850 4
10 900 19
11 1035 19
12 1045 9
13 1135 20
14 1146 9
15 1403 5
16 1501 6
17 1985 12
18 2435 1
19 2437 2
20 2451 24
21 2487 26
22 2526 3
23 2556 17
24 2604 20
25 2632 2
26 2662 3
27 2736 11
28 2837 19
29 2877 2
30 3007 10
31 3109 11
32 3150 2
33 3172 3
34 3534 3
35 3597 6
36 3621 11
37 3753 13
38 3862 11
39 4101 59
40 4215 14
41 4324 12
42 4853 15
43 4909 2
44 4965 14
45 5057 26
46 5108 3
47 5182 2
48 5435 5
49 5583 11
50 5775 6
51 5908 12
52 5954 5
53 6055 6
54 6098 2
55 6228 10
56 6445 6
57 6513 14
58 6544 9
59 6848 6
60 7227 39
61 7251 6
62 7295 2
63 7371 9
64 7440 2
65 7490 4
66 7550 9
67 7699 10
68 7817 11
69 8232 6
70 8413 6
71 8438 23
72 8627 13
73 8896 5
74 9063 6
75 9154 6
76 9176 4
77 9309 6
78 9593 23
79 9639 2
80 9771 13
81 10013 6
82 10309 6
83 10349 15
84 10570 12
85 10637 13
86 10653 13
87 10757 23
88 11205 11
89 11779 6
90 11890 10
91 11963 6
92 12008 5
93 12240 59
94 12269 30
95 12308 2
96 12382 6
97 12405 14
98 12484 26
99 12538 6
100 12547 3
101 12646 16
102 12686 1
103 12731 5
104 12752 18
105 12791 3
106 12947 5
107 12974 3
108 13112 5
109 13223 6
110 13294 6
111 13439 13
112 13668 6
113 13682 24
114 13744 18
115 13778 13
116 14292 35
117 14329 6
118 14701 13
119 15190 17
120 15256 2
121 15314 17
122 15337 3
123 15385 5
124 15750 13
125 15824 28
126 15893 2
127 16208 13
128 16224 13
129 16340 18
130 16990 13
131 17320 6
132 17421 20
133 17532 5
134 17577 6
135 17648 6
136 17756 12
137 18057 13
138 18094 31
139 18202 13
140 18320 16
141 18377 9
142 18433 16
143 18553 6
144 18631 21
145 19082 6
146 19126 10
147 19327 24
148 19655 6
149 19949 21
150 20041 20
151 20373 28
152 20413 3
153 20461 10
154 20641 6
155 20770 12
156 22577 13
157 23495 20
158 23506 9
159 23875 18
160 24397 13
161 24686 20
162 24708 7
163 24742 7
164 24800 2
165 24870 11
166 25517 11
167 25544 116
168 25906 11
169 25924 3
170 26001 49
171 26074 2
172 26123 19
173 26144 7
174 26171 2
175 26229 7
176 26237 3
177 26326 3
178 26463 12
179 26554 5
180 26602 62
181 26705 9
182 27112 11
183 27137 23
184 27198 3
185 27212 11
186 27306 6
187 27516 14
188 27575 4
189 27710 5
190 27718 2
191 27732 16
192 27912 5
193 28031 18
194 28085 6
195 28107 6
196 28148 2
197 28199 2
198 28459 12
199 28519 23
200 28588 22
201 28685 25
202 28814 16
203 29081 58
204 29128 11
205 29141 10
206 29195 2
207 29290 25
208 29338 3
209 29493 11
210 29517 2
211 29614 16
212 29634 7
213 29662 34
214 29698 7
215 29827 6
216 29995 26
217 30037 12
218 30065 11
219 30080 3
220 30292 14
221 30343 2
222 30550 11
223 30821 16
224 30867 2
225 30904 3
226 31925 6
227 32522 36
228 32542 10
229 32542 16
230 32592 2
231 32611 10
232 32818 6
233 32833 16
234 32833 10
235 32874 9
236 32897 2
237 32902 11
238 32945 27
239 33019 15
240 33060 4
241 33060 23
242 33195 7
243 33207 14
244 33317 3
245 33405 26
246 33433 2
247 33503 6
248 34159 16
249 34712 15
250 34986 6
251 35197 16
252 35224 5
253 35283 30
254 35321 2
255 35478 18
256 35569 5
257 35776 5
258 35834 15
259 36096 27
260 36117 6
261 36240 10
262 36244 6
263 36258 62
264 36322 3
265 36335 37
266 36374 7
267 36391 21
268 36566 6
269 36640 19
270 36682 41
271 36785 3
272 36854 7
273 37405 15
274 37768 13
275 38139 21
276 38144 16
277 38346 41
278 39269 6
279 39386 16
280 39610 6
281 39844 15
282 39886 2
283 40357 15
284 40396 10
285 40795 15
286 40832 20
287 40924 3
288 40946 5
289 41483 39
290 41531 7
291 41631 16
292 42161 7
293 42274 5
294 42758 13
295 42866 19
296 42876 9
297 42936 14
298 42945 5
299 42978 13
300 43063 6
301 43191 5
302 43248 3
303 43278 6
304 43292 11
305 43313 38
306 43416 22
307 43453 6
308 43498 2
309 43753 38
310 43785 6
311 43914 21
312 43919 16
313 43962 14
314 44018 3
315 44071 10
316 44273 6
317 44356 12
318 44365 3
319 44427 11
320 44521 3
321 44541 11
322 44685 4
323 44720 53
324 44805 3
325 44845 6
326 44853 2
327 44900 4
328 44938 3
329 45087 33
330 45122 7
331 45131 33
332 45351 11
333 45404 48
334 45456 13
335 45679 33
336 45714 3
337 45853 3
338 45929 6
339 45982 3
340 46034 33
341 46069 7
342 46125 2
343 46162 6
344 46245 20
345 46308 25
346 46316 6
347 46350 3
348 46356 16
349 46398 2
350 46710 6
351 46719 28
352 46751 30
353 46785 6
354 46827 40
355 46869 17
356 46889 6
357 47289 30
358 47381 2
359 47479 26
360 47545 2
361 47581 6
362 47678 7
363 47729 3
364 47745 7
365 47806 16
366 47839 3
367 47890 11
368 48130 21
369 48162 6
370 48700 4
371 48883 21
372 48883 4
373 48888 16
374 48950 6
375 49121 18
376 49154 12
