1 17 21
2 51 2
3 78 18
4 121 11
5 144 18
6 167 49
7 196 20
8 244 19
9 291 9
10 322 7
11 336 2
12 426 45
13 459 12
14 589 7
15 642 12
16 681 16
17 724 3
18 750 8
19 811 20
20 846 16
21 895 6
22 903 9
23 941 36
24 951 9
25 962 9
26 1021 3
27 1067 5
28 1138 15
29 1201 5
30 1337 27
31 1357 7
32 1414 8
33 1428 3
34 1549 10
35 1565 4
36 1660 21
37 1674 7
38 1713 10
39 1745 7
40 1782 2
41 2023 18
42 2035 6
43 2102 12
44 2125 2
45 2163 18
46 2174 7
47 2329 15
48 2376 2
49 2553 12
50 2690 3
51 2716 18
52 2727 7
53 2775 18
54 2803 3
55 2822 15
56 2839 10
57 2851 10
58 2863 16
59 2897 37
60 2941 93
61 2967 4
62 3049 7
63 3059 22
64 3074 7
65 3189 5
66 3295 3
67 3314 5
68 3411 19
69 3447 27
70 3462 12
71 3648 16
72 3746 5
73 3772 18
74 3783 7
75 3813 16
76 3878 2
77 3893 8
78 4001 8
79 4017 25
80 4036 6
81 4046 2
82 4075 9
83 4106 5
84 4150 8
85 4333 5
86 4341 6
87 4410 12
88 4418 4
89 4447 6
90 4606 5
91 4817 13
92 4833 20
93 4857 10
94 4890 2
95 4961 16
96 4970 7
97 5020 3
98 5035 13
99 5063 53
100 5108 7
101 5118 67
102 5118 5
103 5216 58
104 5307 12
105 5369 19
106 5417 16
107 5426 7
108 5436 3
109 5436 16
110 5640 13
111 5676 2
112 5750 9
113 5771 22
114 5816 10
115 5829 61
116 6015 3
117 6053 44
118 6205 8
119 6219 3
120 6262 37
121 6262 7
122 6316 5
123 6331 3
124 6367 2
125 6372 3
126 6388 3
127 6450 8
128 6459 12
129 6473 2
130 6533 3
131 6574 3
132 6648 26
133 6704 16
134 6713 7
135 6722 24
136 6817 3
137 6872 42
138 6977 2
139 7008 25
140 7043 9
141 7094 7
142 7135 13
143 7181 8
144 7202 8
145 7417 13
146 7432 2
147 7509 8
148 7586 7
149 7595 3
150 7695 17
151 7707 5
152 7764 3
153 7843 8
154 7989 20
155 8044 2
156 8074 7
157 8117 26
158 8149 6
159 8204 3
160 8435 5
161 8517 16
162 8535 7
163 8543 2
164 8682 18
165 8739 3
166 8769 51
167 8799 21
168 8831 3
169 8896 11
170 8918 33
171 8962 3
172 9137 7
173 9164 18
174 9197 4
175 9214 4
176 9344 19
177 9434 3
178 9459 5
179 9466 7
180 9514 31
181 9524 21
182 9568 2
183 9686 7
184 9997 32
185 10031 3
186 10212 10
187 10264 3
188 10302 48
189 10329 21
190 10353 45
191 10414 6
192 10425 6
193 10481 8
194 10501 16
195 10510 7
196 10554 3
197 10711 10
198 10766 3
199 10837 17
200 10847 7
201 10913 3
202 11164 40
203 11188 16
204 11197 7
205 11214 3
206 11368 21
207 11392 2
208 11623 19
209 11863 16
210 11872 7
211 12083 21
212 12147 28
213 12257 20
214 12329 2
215 12376 4
216 12404 6
217 12473 6
218 12473 14
219 12532 4
220 12553 4
221 12686 25
222 12762 3
223 12903 33
224 12924 12
225 13005 25
226 13065 10
227 13078 4
228 13154 7
229 13429 69
230 13573 6
231 13723 13
232 13739 3
233 13768 5
234 13818 8
235 13864 4
236 13970 8
237 14136 7
238 14172 3
239 14256 64
240 14312 8
241 14345 3
242 14431 31
243 14517 3
244 14562 22
245 14661 2
246 14933 16
247 14942 7
248 15047 7
249 15080 5
250 15175 2
251 15221 5
252 15236 2
253 15336 7
254 15368 3
255 15390 4
256 15428 2
257 15485 4
258 15512 54
259 15512 10
260 15652 6
261 15734 5
262 15740 8
263 15780 11
264 15818 3
265 15914 85
266 16015 25
267 16026 14
268 16056 5
269 16086 11
270 16120 2
271 16180 7
272 16200 13
273 16226 8
274 16254 2
275 16260 28
276 16280 8
277 16317 15
278 16339 4
279 16391 8
280 16472 19
281 16530 3
282 16721 28
283 16906 20
284 16929 25
285 17009 3
286 17075 3
287 17179 22
288 17312 3
289 17333 5
290 17379 42
291 17486 2
292 17568 25
293 17568 120
294 17595 5
295 17680 8
296 17757 21
297 17790 22
298 17832 3
299 17948 13
300 18086 8
301 18138 5
302 18168 13
303 18185 16
304 18194 7
305 18392 5
306 18413 5
307 18428 3
308 18582 16
309 18735 5
310 18759 10
311 18800 2
312 18827 8
313 18877 8
314 18923 2
315 18947 8
316 19114 9
317 19125 5
318 19229 6
319 19360 7
320 19387 5
321 19506 5
322 19524 3
323 19632 5
324 19717 5
325 19773 6
326 19980 18
327 20020 19
328 20055 6
329 20091 29
330 20100 20
331 20113 7
