1 21 7
2 37 37
3 60 14
4 77 31
5 85 8
6 131 6
7 171 7
8 216 3
9 276 27
10 283 20
11 330 3
12 370 11
13 396 7
14 406 7
15 457 7
16 549 50
17 555 29
18 564 7
19 581 3
20 601 4
21 609 8
22 632 7
23 643 6
24 686 6
25 696 10
26 719 15
27 727 7
28 737 6
29 825 3
30 912 7
31 935 7
32 958 8
33 1001 6
34 1030 6
35 1048 8
36 1109 7
37 1173 8
38 1182 9
39 1238 7
40 1249 26
41 1351 11
42 1364 15
43 1374 5
44 1390 7
45 1463 3
46 1480 5
47 1499 6
48 1529 9
49 1578 12
50 1617 8
51 1628 11
52 1721 8
53 1764 25
54 1793 2
55 1845 7
