1 0 9
2 24 7
3 54 7
4 63 9
5 111 10
6 134 27
7 145 6
8 154 7
9 169 21
10 232 8
11 259 31
12 272 18
13 283 7
14 305 9
15 368 8
16 490 3
17 494 22
18 533 19
19 546 6
20 583 12
21 596 20
22 634 7
23 684 7
24 749 14
25 754 9
26 784 16
27 790 10
28 927 23
29 939 11
30 965 22
31 977 10
32 1087 37
33 1103 6
34 1133 16
35 1190 8
36 1239 20
37 1270 6
38 1333 8
39 1350 3
40 1385 6
41 1425 6
42 1583 8
43 1594 7
44 1603 2
45 1704 20
46 1737 7
47 1784 52
48 1796 23
49 1813 6
50 1855 5
51 1863 9
52 1887 6
53 1961 34
54 1978 17
55 1997 7
56 2007 2
57 2027 48
58 2046 28
59 2058 6
60 2067 7
61 2156 28
62 2177 7
63 2221 11
64 2267 20
65 2281 6
66 2289 20
67 2317 7
68 2395 2
69 2449 5
70 2456 6
71 2456 18
72 2475 16
73 2485 6
74 2543 9
75 2562 7
76 2572 7
77 2596 19
78 2609 6
79 2637 2
80 2703 19
81 2715 7
82 2748 9
83 2770 3
84 2801 31
85 2814 18
86 2826 6
87 2900 16
88 2900 10
89 2948 8
90 2973 48
91 2987 12
92 3033 9
93 3046 5
94 3123 9
95 3147 6
96 3160 9
97 3202 10
98 3202 18
99 3266 19
100 3288 29
101 3308 8
102 3319 2
103 3381 7
104 3392 10
105 3431 4
106 3446 24
107 3478 7
108 3532 58
109 3542 48
110 3608 10
111 3635 14
112 3640 9
113 3661 34
114 3672 7
115 3702 3
116 3798 10
117 3852 3
118 3906 8
119 3925 8
120 3935 9
121 3945 21
122 3997 3
123 4012 3
124 4035 55
125 4049 26
126 4072 3
127 4106 2
