1 0 49
2 0 42
3 43 6
4 43 3
5 47 2
6 80 38
7 120 7
8 183 70
9 223 4
10 228 25
11 264 12
12 269 6
13 278 10
14 332 44
15 378 24
16 433 16
17 438 11
18 479 6
19 563 16
20 576 3
21 617 6
22 638 59
23 669 28
24 702 6
25 725 117
26 758 50
27 812 7
28 832 10
29 876 173
30 934 29
31 941 22
32 947 16
33 966 6
34 1051 13
35 1058 6
36 1078 19
37 1092 5
38 1129 9
39 1200 6
40 1249 9
41 1272 3
42 1307 3
43 1367 69
44 1392 3
45 1392 9
46 1452 10
47 1463 24
48 1551 29
49 1557 23
50 1583 13
51 1598 23
52 1633 3
53 1639 110
54 1711 38
55 1746 3
56 1761 10
57 1871 18
58 1943 3
59 1951 58
60 1998 11
61 2011 22
62 2044 32
63 2057 3
64 2122 7
65 2142 10
66 2156 76
67 2238 26
68 2302 16
69 2307 11
70 2326 16
71 2344 5
72 2375 3
73 2391 28
74 2428 8
75 2440 3
76 2474 11
77 2500 14
78 2551 3
79 2594 2
80 2606 49
81 2644 11
82 2649 6
83 2688 48
84 2733 3
85 3055 28
86 3100 18
87 3208 6
88 3215 27
89 3245 22
90 3270 16
91 3276 10
92 3307 3
93 3384 29
94 3389 10
95 3400 2
96 3403 10
97 3452 18
98 3465 5
99 3472 3
100 3501 9
101 3691 9
102 3723 5
103 3723 11
104 3746 3
105 3768 7
106 3779 3
107 4015 13
108 4128 18
109 4162 6
110 4197 3
