1 0 4
2 18 28
3 40 6
4 72 5
5 216 5
6 232 4
7 247 4
8 303 4
9 310 4
10 340 5
11 347 3
12 375 17
13 415 17
14 460 4
15 468 2
16 545 9
17 562 20
18 603 49
19 620 32
20 654 3
21 917 17
22 936 2
23 948 1
24 967 17
25 1091 29
26 1188 10
27 1210 13
28 1317 20
29 1344 18
30 1451 4
31 1481 2
32 1546 2
33 1777 5
34 2087 16
35 2087 43
36 2105 2
37 2111 18
38 2133 3
39 2159 24
40 2179 4
41 2210 33
42 2232 11
43 2240 3
44 2277 14
45 2294 9
46 2294 62
47 2313 9
48 2363 7
49 2466 4
50 2481 7
51 2590 7
52 2607 1
53 2648 3
54 2770 6
55 2894 3
56 2944 18
57 2965 2
58 3011 28
59 3102 11
60 3182 7
61 3186 3
62 3259 6
63 3286 18
64 3328 3
65 3341 5
66 3356 3
67 3371 28
68 3401 3
69 3415 1
70 3466 27
71 3529 38
72 3548 19
73 3572 8
74 3597 18
75 3597 8
76 3619 14
77 3670 11
78 3698 22
79 3705 15
80 3722 23
81 3738 7
82 3749 4
83 3787 3
84 3797 18
85 3816 3
86 3838 8
87 3838 18
88 3876 9
89 3876 19
90 3914 12
91 3930 8
92 3950 10
93 3961 1
94 3979 6
95 4038 39
96 4101 9
97 4161 9
98 4228 12
99 4250 25
100 4256 19
101 4277 11
102 4290 17
103 4372 23
104 4401 8
105 4423 9
106 4460 9
107 4480 9
108 4524 21
109 4549 2
110 4729 16
111 4765 12
112 4765 25
113 4805 36
114 4818 12
115 4867 13
116 4903 8
117 4966 15
118 5031 16
119 5072 46
120 5087 31
121 5134 30
122 5149 15
123 5167 21
124 5167 63
125 5173 15
126 5190 5
127 5243 17
128 5271 2
129 5313 3
130 5317 7
131 5364 2
132 5375 1
133 5377 3
134 5425 33
135 5469 5
136 5477 28
137 5477 47
138 5499 6
139 5527 2
140 5630 9
141 5642 3
142 5673 49
143 5680 9
144 5809 8
145 5809 19
146 5899 15
147 5940 24
148 5956 8
149 5990 2
150 6004 1
151 6009 3
152 6074 9
153 6085 14
154 6085 35
155 6101 3
156 6108 11
157 6121 14
158 6148 25
159 6161 12
160 6181 16
161 6186 10
162 6223 21
163 6232 12
164 6251 3
165 6278 6
166 6295 3
167 6380 29
168 6380 13
169 6475 3
170 6501 7
171 6511 12
172 6541 5
173 6579 6
174 6615 6
175 6667 8
176 6678 14
177 6717 6
178 6838 1
179 6840 3
180 6848 4
181 6888 14
182 6932 11
183 6948 3
184 6969 3
185 6988 15
186 7004 11
187 7040 29
188 7084 1
189 7102 3
190 7120 4
191 7138 3
192 7161 4
193 7168 15
194 7185 3
195 7190 9
196 7215 5
197 7258 4
198 7290 11
199 7302 11
200 7315 28
201 7348 4
202 7419 5
203 7429 8
204 7475 33
205 7659 8
206 7715 3
207 7721 6
208 7735 8
209 7808 26
210 7878 21
211 7951 1
212 7960 8
213 7970 26
214 8152 5
