1 107 15
2 213 41
3 262 3
4 287 25
5 339 16
6 390 8
7 514 19
8 551 17
9 609 11
10 630 11
11 653 17
12 682 9
13 694 8
14 788 4
15 849 7
16 859 8
17 893 8
18 946 7
19 969 50
20 992 11
21 1021 7
22 1060 8
23 1100 6
24 1164 6
25 1200 11
26 1218 8
27 1283 9
28 1304 8
29 1323 4
30 1339 4
31 1339 22
32 1372 2
33 1497 2
34 1559 14
35 1566 7
36 1602 12
37 1657 8
38 1681 3
39 1708 18
40 1742 7
41 1761 4
42 1803 2
43 1812 4
44 1843 8
45 1856 7
46 1879 8
47 1941 8
48 1975 8
49 1987 11
50 1999 8
51 2025 6
52 2036 7
53 2048 7
54 2094 6
55 2111 11
56 2153 9
57 2173 8
58 2211 6
59 2228 9
60 2239 7
61 2276 6
62 2302 2
63 2311 9
64 2339 6
65 2349 4
66 2366 4
67 2374 3
68 2444 2
69 2456 5
70 2465 5
71 2479 2
72 2517 8
73 2529 9
74 2544 7
75 2552 2
76 2565 18
77 2565 4
78 2592 3
79 2598 15
80 2610 3
81 2633 7
82 2646 6
83 2656 7
84 2664 14
85 2669 9
86 2694 8
87 2708 4
88 2724 4
89 2733 7
90 2741 23
91 2755 9
92 2784 3
93 2792 7
94 2805 6
95 2812 16
96 2821 7
97 2833 7
98 2841 8
99 2919 7
100 3003 6
101 3010 1
102 3066 6
103 3073 3
104 3091 8
105 3104 4
106 3138 9
107 3150 14
108 3222 14
109 3274 8
110 3305 29
111 3319 15
112 3336 7
113 3352 30
114 3365 17
115 3378 4
116 3431 9
117 3461 2
118 3470 27
119 3506 2
120 3533 7
121 3576 9
122 3625 6
123 3651 7
124 3681 7
125 3696 8
126 3707 5
127 3719 4
128 3733 6
129 3760 9
130 3790 3
131 3798 7
132 3813 9
133 3842 6
134 3869 9
135 3906 3
136 3919 3
137 3931 8
138 3950 7
139 4031 2
140 4045 4
141 4077 4
142 4091 4
143 4104 4
144 4203 18
145 4223 7
146 4296 12
147 4350 9
148 4388 1
149 4407 8
150 4460 2
151 4474 8
152 4576 16
153 4584 8
154 4669 8
155 4682 7
156 4810 14
157 4834 7
158 4860 5
159 4869 7
160 4886 3
161 4900 2
162 4913 6
163 4921 8
164 4952 4
165 4978 20
166 4999 8
167 5033 12
168 5197 5
169 5207 3
170 5224 19
171 5245 7
172 5332 11
173 5388 11
