1 9 8
2 20 14
3 46 20
4 86 7
5 108 8
6 132 21
7 142 11
8 154 9
9 174 3
10 222 8
11 242 17
12 261 4
13 315 5
14 361 3
15 386 20
16 474 8
17 495 23
18 526 10
19 617 2
20 719 21
21 776 3
22 817 10
23 817 18
24 963 7
25 1013 7
26 1182 20
27 1256 9
28 1301 17
29 1348 12
30 1372 2
31 1397 6
32 1418 3
33 1485 2
34 1495 11
35 1545 17
36 1598 18
37 1651 3
38 1676 20
39 1761 16
40 1832 2
41 1930 14
42 1954 7
43 1989 7
44 1998 7
45 2055 5
46 2084 17
47 2187 2
48 2233 2
49 2252 11
50 2335 12
51 2380 21
52 2391 10
53 2404 12
54 2419 2
55 2419 22
56 2486 2
57 2584 3
58 2671 11
59 2692 3
60 2820 8
61 2869 23
62 3015 12
63 3033 10
64 3071 8
65 3141 30
66 3152 19
67 3196 12
68 3250 11
69 3262 14
70 3352 20
71 3385 13
72 3427 2
73 3460 13
74 3481 11
75 3493 9
76 3558 8
77 3584 13
78 3606 8
79 3630 11
80 3644 9
81 3655 38
82 3705 8
83 3731 13
84 3837 9
85 3880 8
