1 0 11
2 41 6
3 92 6
4 210 10
5 223 1
6 300 24
7 309 15
8 347 8
9 378 3
10 401 9
11 479 5
12 507 22
13 611 21
14 639 17
15 640 15
16 660 11
17 675 15
18 705 13
19 764 11
20 848 7
21 886 12
22 911 8
23 967 5
24 974 22
25 990 5
26 1035 2
27 1060 10
28 1166 2
29 1196 11
30 1228 4
31 1274 7
32 1294 1
33 1368 9
34 1398 8
35 1429 16
36 1457 8
37 1466 5
38 1466 18
39 1497 3
40 1504 8
41 1590 7
42 1674 4
43 1679 9
44 1813 4
45 1834 3
46 1876 4
47 1883 8
48 1892 4
49 1897 4
50 1924 4
51 1973 6
52 2022 6
53 2146 8
54 2156 3
55 2305 6
56 2515 7
57 2538 2
58 2612 1
59 2762 6
60 2835 2
61 3014 17
62 3186 23
63 3191 18
64 3191 5
65 3218 2
66 3218 9
67 3261 2
68 3273 2
69 3284 1
70 3291 16
71 3302 5
72 3352 9
73 3395 2
74 3395 21
75 3412 4
76 3434 14
77 3478 2
78 3478 7
79 3516 6
80 3526 23
81 3540 9
82 3576 17
83 3601 7
84 3619 7
85 3630 3
86 3675 7
87 3694 12
88 3708 3
89 3723 8
90 3734 23
91 3770 13
92 3788 5
93 3811 9
94 3861 3
95 3895 2
96 3902 3
97 3951 2
98 4020 4
99 4160 33
100 4195 2
101 4346 19
102 4373 2
103 4433 7
104 4578 2
105 4582 10
106 4611 1
107 4691 3
108 4769 15
109 4818 3
110 4833 5
111 4833 26
112 4870 7
