1 0 17
2 71 6
3 80 5
4 129 3
5 165 17
6 218 12
7 322 12
8 384 3
9 431 7
10 483 2
11 494 17
12 513 7
13 559 14
14 645 5
15 653 3
16 696 10
17 778 18
18 799 6
19 864 10
20 864 33
21 920 18
22 962 14
23 992 12
24 1019 2
25 1073 4
26 1092 2
27 1126 2
28 1203 2
29 1206 31
30 1239 6
31 1249 13
32 1287 6
33 1352 17
34 1446 1
35 1491 4
36 1516 5
37 1531 2
38 1534 37
39 1573 16
40 1656 6
41 1716 12
42 1739 2
43 1772 8
44 1782 12
45 1808 3
46 1830 2
47 1907 1
48 1973 11
49 1999 1
50 2067 17
51 2087 1
52 2192 10
53 2239 14
54 2286 3
55 2368 5
56 2374 17
57 2401 28
58 2431 3
59 2457 62
60 2522 61
61 2585 28
62 2636 5
63 2719 15
64 2747 2
65 2777 26
66 2786 17
67 2806 24
68 2852 26
69 2861 17
70 2904 10
71 2964 26
72 2973 17
73 3072 6
74 3088 3
75 3093 2
76 3121 6
77 3231 2
78 3231 11
79 3266 19
80 3292 16
81 3305 3
82 3311 6
83 3326 9
84 3336 14
85 3396 6
86 3494 29
