1 0 59
2 66 18
3 91 16
4 129 5
5 157 5
6 165 19
7 186 20
8 208 38
9 213 33
10 220 5
11 248 34
12 296 7
13 326 15
14 326 15
15 343 2
16 359 31
17 392 32
18 406 7
19 459 50
20 511 12
21 516 7
22 537 7
23 588 17
24 622 10
25 640 34
26 646 7
27 747 33
28 786 3
29 832 9
30 832 9
31 842 2
32 862 8
33 878 22
34 981 9
35 1004 7
36 1043 8
37 1058 7
38 1106 9
39 1127 3
40 1204 16
41 1229 7
42 1258 17
43 1309 3
44 1322 4
45 1352 1
46 1361 2
47 1383 5
48 1399 1
49 1433 3
50 1437 3
51 1451 14
52 1485 7
53 1504 5
54 1530 2
55 1530 17
56 1548 17
57 1566 11
58 1579 27
59 1611 7
60 1636 32
61 1670 7
62 1727 4
63 1753 5
64 1802 2
65 1885 7
66 1885 7
67 1893 30
68 1992 16
69 2010 7
70 2051 27
71 2110 7
72 2120 2
73 2180 13
74 2210 23
75 2277 2
76 2297 7
77 2353 2
78 2353 2
79 2453 25
80 2480 26
81 2493 13