1 0 8
2 16 9
3 456 5
4 503 26
5 532 20
6 586 9
7 625 15
8 687 8
9 698 7
10 714 6
11 722 10
12 734 13
13 749 9
14 760 11
15 773 9
16 784 13
17 799 9
18 810 11
19 823 8
20 834 8
21 986 4
22 1053 9
23 1189 16
24 1294 9
25 1333 5
26 1347 4
27 1371 64
28 1379 16
29 1541 8
30 1735 19
31 1771 2
32 1806 20
33 1831 8
34 1923 10
35 1957 10
36 1980 14
37 1999 13
38 2045 6
39 2126 39
40 2191 27
41 2209 9
42 2220 3
43 2275 9
44 2441 13
45 2456 13
46 2471 9
47 2482 11
48 2495 15
49 2610 5
50 2733 8
51 2829 5
52 2917 9
53 3349 9
54 3476 9
55 3628 14
56 3655 48
57 4001 33
58 4037 10
59 4062 8
60 4095 8
61 4813 47
62 4871 35
63 4879 15
64 4957 45
65 5011 30
66 5054 31
67 5098 33
68 5144 8
69 5169 19
70 5211 9
71 5426 15
72 5595 44
73 5624 15
74 5812 26
75 5887 9
76 5941 12
77 5955 20
78 5977 15
79 6011 13
80 6026 3
81 6072 11
82 6087 12
83 6119 11
84 6132 15
85 6291 8
86 6403 33
87 6500 9
88 6533 42
89 6541 16
90 6619 19
91 6648 39
92 6658 14
93 6707 3
94 6873 3
95 6912 8
96 6947 14
97 6973 19
98 6995 8
99 7026 16
100 7063 27
101 7093 23
102 7180 9
103 7203 49
104 7253 11
105 7271 4
106 7294 11
107 7318 82
108 7417 11
109 7432 10
110 7444 11
111 7499 9
112 7567 9
113 7577 6
114 7592 31
115 7625 20
116 7685 34
117 7819 22
118 7853 8
119 7940 3
120 8038 9
121 8056 7
122 8072 5
123 8086 5
124 8100 6
125 8126 8
126 8219 23
127 8219 12
128 8243 11
129 8258 7
130 8266 3
131 8294 21
132 8369 7
133 8377 18
134 8483 5
135 8500 14
136 8569 19
137 8632 6
138 8639 4
139 8701 48
140 8760 16
141 8933 19
142 8967 15
143 8984 11
144 9025 10
145 9065 30
146 9183 21
147 9207 6
148 9233 6
149 9280 6
150 9340 6
151 9361 23
152 9444 9
153 9457 7
154 9541 5
155 9594 14
156 9641 4
157 9822 4
158 9894 8
159 9933 11
160 10040 9
161 10157 13
162 10172 9
163 10183 13
164 10272 24
165 10414 5
166 10439 3
167 10443 14
168 10550 9
169 10568 39
170 10610 12
171 10732 5
172 10756 21
173 10767 10
174 10780 11
175 10793 22
176 10817 21
177 10840 23
178 10914 9
179 10980 12
180 10994 14
181 11018 16
182 11066 4
183 11088 9
184 11113 10
185 11348 4
186 11366 23
187 11391 19
188 11412 15
189 11429 12
190 11443 10
191 11471 19
192 11492 11
193 11505 12
194 11559 16
195 11593 13
196 11714 9
197 11754 26
198 11782 11
199 11795 11
200 11808 13
201 11823 13
202 11867 27
203 11902 52
204 11958 7
205 12018 13
206 12033 9
207 12044 14
208 12061 10
209 12075 6
210 12099 20
211 12121 23
212 12147 9
213 12158 24
214 12185 9
215 12305 9
216 12337 3
217 12448 33
218 12532 19
219 12622 12
220 12759 9
221 12769 6
222 12865 9
223 12909 8
224 13075 11
225 13232 9
226 13279 4
227 13406 35
228 13425 16
229 13462 2
230 13905 35
231 13959 2
232 14313 9
233 14349 11
234 14363 9
235 14506 27
236 14548 3
237 14599 9
238 14885 8
239 14956 49
240 15508 15
241 15636 3
242 15722 17
243 15753 9
244 15787 8
245 15800 3
246 15805 6
247 15829 11
248 15876 35
249 15876 8
250 15913 3
251 15985 11
252 16022 5
253 16076 11
254 16121 26
255 16150 30
256 16204 10
257 16233 8
258 16299 8
259 16330 20
260 16353 32
261 16387 9
262 16428 31
263 16438 21
264 16462 34
265 16572 11
266 16621 34
267 16657 62
268 16657 11
269 16721 3
270 16736 22
271 16774 45
272 16774 8
273 16821 23
274 16963 12
275 17001 7
276 17011 4
277 17025 14
278 17073 12
279 17086 9
280 17245 6
281 17326 11
282 17347 16
283 17497 14
284 17611 54
285 17622 43
286 17622 14
287 17763 7
288 17774 48
289 17796 26
290 17834 10
291 17871 24
292 18002 28
293 18055 5
294 18086 9
295 18119 23
296 18204 2
297 18237 8
298 18279 3
299 18308 11
300 18329 16
301 18363 32
302 18397 11
303 18397 48
304 18500 3
305 18513 27
306 18542 58
307 18555 9
308 18602 21
309 18625 40
310 18667 3
311 18667 32
312 18744 8
313 18766 9
314 18794 11
315 18829 15
316 18846 14
317 18891 18
318 18939 15
319 18957 11
320 19002 12
321 19025 21
322 19062 16
323 19098 9
324 19098 51
325 19201 17
326 19257 8
327 19257 41
328 19317 16
329 19335 13
330 19361 4
331 19403 9
332 19451 40
333 19515 10
334 19526 9
335 19582 8
336 19592 16
337 19610 16
338 19628 16
339 19647 13
340 19688 8
341 19710 9
342 19764 15
343 19859 16
344 19877 45
345 19955 13
346 19960 8
347 19972 15
348 19989 13
349 20087 4
350 20116 3
351 20184 8
352 20200 3
353 20259 16
354 20278 4
355 20299 26
356 20420 65
357 20490 4
358 20495 8
359 20574 13
360 20613 21
361 20635 13
362 20694 3
363 20712 45
364 20765 22
365 20928 9
366 20947 3
367 20960 9
368 21003 17
369 21033 25
370 21073 34
371 21161 20
372 21183 19
373 21204 15
374 21221 23
375 21246 15
376 21430 11
377 21442 9
378 21458 24
379 21518 30
380 21672 24
381 21741 10
382 21800 3
383 21822 23
384 21898 15
385 21915 18
386 22031 10
387 22075 34
388 22126 23
389 22173 33
390 22209 24
391 22265 10
392 22303 37
393 22351 8
394 22376 20
395 22413 7
396 22423 11
397 22435 35
398 22482 11
399 22510 23
400 22550 6
401 22564 44
402 22622 8
403 22669 14
404 22685 16
405 22703 15
406 22754 21
407 22777 26
408 22805 17
409 22824 17
410 22843 12
411 22858 37
412 22898 10
413 22910 17
414 22929 16
415 22947 11
416 22960 16
417 22979 25
418 23019 9
419 23033 18
420 23065 58
421 23125 28
422 23241 6
423 23307 30
424 23339 58
425 23434 33
426 23491 27
427 23679 17
428 23698 15
429 23715 17
430 23734 21
431 23757 16
432 23775 15
433 23792 13
434 23807 13
435 23822 12
436 23836 16
437 23854 17
438 23873 12
439 23887 17
440 23906 17
441 23925 15
442 23969 8
443 23986 52
444 24008 30
445 24023 15
446 24052 7
447 24166 34
448 24229 9
449 24270 17
450 24308 18
451 24340 28
452 24384 6
453 24411 16
454 24491 6
455 24534 9
456 24561 28
457 24594 18
458 24606 6
459 24646 9
460 24739 28
461 24769 14
462 24785 58
463 24846 4
464 24852 14
465 24869 6
466 24925 3
467 24941 44
468 24993 57
469 25009 9
470 25009 19
471 25064 33
472 25105 26
473 25144 8
474 25173 9
475 25217 2
476 25276 4
477 25295 21
478 25324 8
479 25372 4
480 25381 6
481 25409 46
482 25476 2
483 25568 8
484 25590 9
485 25590 19
486 25600 9
487 25627 24
488 25653 49
489 25718 6
490 25744 16
491 25763 15
492 25781 6
493 25805 16
494 25836 6
495 25877 28
496 25930 5
497 25969 11
498 26002 12
499 26055 13
500 26070 16
501 26218 9
502 26313 10
503 26339 8
504 26495 9
505 26514 6
506 26674 22
507 26698 15
508 26715 12
509 26743 16
510 26881 23
511 26906 11
512 26937 9
513 27081 29
514 27126 5
515 27206 16
516 27225 15
517 27267 38
518 27319 38
519 27386 39
520 27474 8
521 27618 7
522 27627 8
523 27655 11
524 27675 9
525 27778 9
526 27789 9
527 27800 9
528 27821 11
529 27834 20
530 27857 2
531 27857 57
532 27871 20
533 27974 9
534 28056 14
535 28240 55
536 28298 36
537 28336 11
538 28409 18
539 28455 15
540 28617 10
541 28629 26
542 28726 6
543 28735 14
544 28766 23
545 28807 26
546 28815 18
547 28843 9
548 28875 6
549 28929 35
550 28940 11
551 28994 18
552 29039 6
553 29066 10
554 29182 22
555 29206 3
556 29217 6
557 29242 5
558 29267 16
559 29286 10
560 29316 8
561 29328 4
562 29383 3
563 29396 5
564 29444 9
565 29478 36
566 29495 7
567 29569 5
568 29587 60
569 29606 4
570 29657 7
571 29754 10
572 29767 12
573 29783 17
574 29810 12
575 29826 12
576 29849 9
577 29963 29
578 29970 11
579 30194 19
580 30254 30
581 30266 7
582 30313 15
583 30330 15
584 30347 16
585 30376 3
586 30453 10
587 30466 5
588 30473 15
589 30491 7
590 30656 9
591 30752 45
592 30820 9
593 30868 5
594 30874 15
595 30899 7
596 31054 11
597 31067 14
598 31083 31
599 31117 12
600 31156 9
601 31241 12
602 31280 19
603 31385 11
604 31550 16
605 31893 17
606 31926 40
607 32178 13
608 32208 36
609 32254 17
610 32263 8
611 32289 11
612 32301 68
613 32435 21
614 32573 15
615 32709 15
