1 0 20
2 9 11
3 33 9
4 45 11
5 65 9
6 124 23
7 136 11
8 179 6
9 188 9
10 218 36
11 218 64
12 256 3
13 261 9
14 273 8
15 320 9
16 354 36
17 365 10
18 489 10
19 502 8
20 511 10
21 539 2
22 564 34
23 570 28
24 601 11
25 614 10
26 626 3
27 631 2
28 717 18
29 720 15
30 759 3
31 785 2
32 801 9
33 813 13
34 840 42
35 853 11
36 883 8
37 907 13
38 930 23
39 980 6
40 1049 6
41 1089 9
42 1163 6
43 1198 2
44 1233 3
45 1284 3
46 1407 18
47 1430 2
48 1451 14
49 1451 4
50 1486 10
51 1503 2
52 1516 2
53 1535 2
54 1590 17
55 1596 11
56 1674 39
57 1681 25
