1 7 4
2 21 5
3 35 4
4 61 11
5 83 20
6 112 29
7 118 23
8 145 14
9 160 14
10 223 5
11 238 6
12 247 9
13 285 6
14 292 59
15 306 5
16 331 20
17 370 4
18 395 36
19 406 7
20 440 3
21 504 2
22 553 1
23 555 13
24 577 2
25 616 5
26 631 6
27 651 3
28 655 6
29 664 18
30 677 5
31 737 11
32 758 6
33 808 7
34 818 6
35 871 5
36 902 6
37 940 2
38 950 5
39 988 11
40 1036 12
41 1050 9
42 1114 6
43 1176 5
44 1184 6
45 1355 5
46 1365 6
47 1419 12
48 1453 5
49 1481 1
50 1664 2
51 1747 30
52 1789 5
53 1814 2
54 1865 3
55 1951 10
56 2088 4
57 2094 18
58 2129 26
59 2136 5
60 2144 11
61 2169 6
62 2221 2
63 2283 4
64 2290 3
65 2447 8
66 2550 18
67 2571 6
68 2647 5
69 2762 11
70 2768 5
71 2800 2
72 2848 2
73 2875 3
74 2999 7
75 3017 62
76 3024 19
77 3056 1
78 3100 3
79 3115 3
80 3334 4
81 3420 7
82 3439 2
83 3522 3
84 3548 27
85 3568 7
86 3758 5
87 3781 19
88 3781 4
89 3802 3
90 3843 1
91 3926 54
92 3936 44
93 4018 12
94 4025 5
95 4076 3
96 4098 2
97 4134 3
98 4179 2
99 4195 4
100 4289 5
101 4344 6
102 4373 2
103 4437 5
104 4455 6
105 4463 4
106 4475 6
107 4604 10
108 4615 21
109 4641 5
110 4653 9
111 4653 4
112 4666 15
113 4825 23
114 4871 5
115 4880 17
116 4917 3
117 4940 7
118 4965 14
119 4999 8
120 5016 6
121 5023 4
122 5029 15
123 5046 8
124 5056 11
125 5133 26
126 5149 10
127 5184 5
128 5194 7