1 33 3
2 166 10
3 173 3
4 229 3
5 299 9
6 357 3
7 414 3
8 577 18
9 587 8
10 671 22
11 723 3
12 758 2
13 1381 22
14 1415 3
15 1578 4
16 1601 4
17 1627 4
18 1643 2
19 1730 12
20 1778 188
21 1984 3
22 2009 42
23 2352 4
24 2382 3
25 2429 3
26 2871 8
27 3031 3
28 3822 3
29 3919 79
30 4014 16
31 4127 1
32 4262 15
33 4329 12
34 4868 10
35 4913 12
36 5010 21
37 5040 1
38 5081 123
39 5104 5
40 5211 4
41 5248 156
42 5407 1
43 5420 8
44 5441 2
45 5444 4
46 5504 1
47 5520 16
48 5575 4
49 5663 28
50 5722 1
51 5785 35
52 5869 3
53 5901 2
54 5940 3
55 5946 8
56 5977 23
57 6052 3
58 6057 1
59 6112 3
60 6119 3
61 6144 3
62 6167 1
63 6180 3
64 6184 8
65 6202 8
66 6220 5
67 6277 3
68 6297 9
69 6340 16
70 6412 7
71 6444 4
72 6466 1
73 6470 3
74 6520 1
75 6545 23
76 6557 11
77 6557 4
78 6641 8
79 6641 3
80 6713 7
81 6725 4
82 6732 1
83 6754 4
84 6795 2
85 6854 1
86 6922 4
87 6967 21
88 7036 3
89 7049 16
90 7108 1
91 7157 8
92 7333 6
93 7442 1
94 7514 2
95 7540 3
96 7572 1
97 7769 5
98 7836 4
99 8086 21
100 8110 3
101 8206 1
102 8217 4
103 8229 6
104 8321 3
105 8350 3
106 8362 3