1 0 27
2 11 16
3 29 76
4 40 26
5 68 36
6 149 28
7 162 15
8 171 6
9 195 27
10 230 23
11 258 21
12 285 5
13 299 10
14 312 5
15 312 11
16 344 5
17 352 7
18 378 14
19 402 10
20 402 4
21 415 100
22 478 2
23 499 16
24 517 5
25 534 14
26 560 3
27 609 3
28 625 20
29 665 3
30 677 2
31 727 14
32 755 13
33 776 8
34 798 15
35 846 2
36 854 30
37 892 2
38 905 5
39 921 47
40 978 14
41 1008 7
42 1032 5
43 1046 13
44 1054 5
45 1062 11
46 1089 4
47 1096 11
48 1117 37
49 1134 7
50 1164 51
51 1179 20
52 1239 10
53 1265 5
54 1307 18
55 1326 6
