1 0 15
2 18 3
3 34 2
4 46 2
5 77 4
6 83 20
7 89 14
8 124 11
9 154 3
10 175 13
11 182 6
12 208 77
13 233 52
14 253 17
15 288 46
16 318 16
17 367 42
18 392 3
19 450 20
20 498 19
21 588 3
22 615 6
23 737 17
24 755 4
25 817 22
26 843 3
27 910 8
28 919 34
29 933 20
30 983 5
31 983 11
32 995 15
33 1027 13
34 1057 12
35 1063 6
36 1084 34
37 1091 5
38 1122 12
39 1164 16
40 1251 8
41 1271 8
42 1343 106
43 1451 3
44 1467 2
45 1479 2
46 1510 5
47 1543 2
48 1668 2
49 1693 3
50 1748 8
51 1780 17
52 1808 95
53 1815 23
54 1840 8
55 1865 13
