1 12 53
2 24 41
3 51 14
4 69 38
5 77 30
6 98 9
7 109 81
8 121 69
9 176 14
10 265 41
11 295 11
12 308 7
13 349 12
14 537 28
15 551 4
16 557 8
17 660 45
18 813 36
19 988 23
20 1064 37
21 1230 32
22 1255 7
23 1269 3
24 1318 37
25 1340 6
26 1396 28
27 1476 6
28 1484 11
29 1527 3
30 1531 25
31 1683 6
32 1732 6
33 1813 7
34 1932 15
35 1992 2
36 1992 15
37 2098 73
38 2147 24
39 2218 22
40 2266 38
41 2294 10
42 2356 6
43 2443 18
44 2454 7
45 2471 2
46 2546 10
47 2612 38
48 2640 10
49 2802 11
50 2846 24
51 2895 27
