1 0 42
2 44 4
3 52 39
4 194 27
5 217 4
6 256 9
7 256 17
8 288 48
9 326 10
10 383 27
11 412 14
12 445 10
13 450 5
14 489 15
15 568 41
16 568 9
17 620 19
18 652 62
19 715 55
20 773 16
21 819 4
22 827 12
23 841 3
24 854 21
25 968 20
26 1119 12
27 1170 13
28 1199 7
29 1261 3
30 1581 10
31 1581 23
32 1613 4
33 1613 41
34 1709 18
35 1868 17
36 2015 9
37 2036 48
38 2036 54
39 2049 35
40 2086 3
41 2108 37
42 2116 16
43 2175 33
44 2210 22
45 2235 4
46 2242 3
47 2248 5
48 2262 2
49 2351 22
50 2401 25
51 2585 23
52 2611 30
53 2656 12
54 2689 22
55 2871 56
56 2871 64
57 2929 5
58 2977 12
59 3023 31
60 3023 10
61 3034 9
62 3093 3
63 3140 23
64 3164 38
65 3164 52
66 3185 17
67 3185 10
68 3205 11
69 3218 15
70 3218 9
71 3256 6
72 3286 4
73 3291 11
74 3323 23
75 3323 12
76 3349 11
77 3400 3
78 3468 20
79 3474 14
80 3477 11
81 3507 13
82 3544 3
83 3554 28
84 3569 13
85 3584 13
86 3591 6
87 3614 3
88 3671 19
89 3686 4
90 3789 7
91 3822 5
92 3896 2
93 3896 8
94 3935 12
95 3949 11
96 3956 4
97 3969 12
98 3983 5
99 4009 18
100 4016 11
101 4029 4
102 4052 5
103 4087 22
104 4103 6
105 4175 14
106 4200 12
107 4247 23
108 4315 33
109 4323 10
110 4336 12
111 4358 3
112 4440 4
113 4462 14
114 4532 24
115 4570 16
116 4583 3
117 4639 11
118 4665 12
119 4764 33
120 4784 13
121 4799 7
122 4843 20
123 4849 14
124 4885 13
125 4885 7
126 4904 3
127 4953 9
128 5027 14
129 5043 34
130 5187 20
131 5464 36
132 5481 19
133 5523 4
134 5528 20
135 5535 7
136 5597 32
137 5597 74
138 5657 14
139 5733 6
140 5741 3
141 5810 8
142 5871 12
143 5931 17
144 5951 36
145 5951 8
146 5960 7
147 6006 5
148 6045 9
149 6112 2
150 6144 4
151 6196 39
152 6238 28
153 6308 9
154 6363 8
155 6444 8
156 6457 9
157 6457 55
158 6576 50
159 6634 11
160 6657 10
161 6670 9
162 6743 24
163 6790 2
164 6839 8
165 6886 32
166 7043 9
167 7049 3
168 7054 32
169 7122 14
170 7187 8
171 7234 42
172 7245 12
173 7287 18
174 7287 9
175 7367 30
176 7445 13
177 7454 4
178 7508 5
179 7531 26
180 7602 42
181 7647 53
182 7703 16
183 7745 7
184 7776 49
185 7797 10
186 7842 12
187 7886 6
188 7886 19
189 7894 11
190 7915 2
191 7921 93
192 7974 25
193 8001 12
194 8071 22
195 8094 14
196 8124 11
197 8192 11
198 8192 40
199 8322 12
200 8355 13
201 8403 25
202 8403 12
203 8438 10
204 8444 4
205 8486 17
206 8512 6
207 8545 17
208 8609 14
209 8668 33
210 8678 23
211 8804 5
212 8804 31
213 8812 23
214 8863 5
215 8896 21
216 8937 5
217 8996 19
218 9019 2
219 9075 24
220 9118 46
221 9121 12
222 9121 43
223 9151 13
224 9192 12
225 9206 5
226 9296 17
227 9360 25
228 9366 19
229 9429 11
230 9497 11
231 9497 47
232 9546 4
233 9775 20
234 9791 4
235 9890 3
236 9991 19
237 10018 2
238 10032 6
239 10132 4
240 10163 70
241 10263 12
242 10291 13
243 10312 14
244 10315 11
245 10377 13
246 10377 119
247 10424 43
248 10471 25
249 10477 19
250 10518 33
251 10645 3
252 10709 14
253 10709 118
254 10725 6
255 10765 48
256 10793 20
257 10817 10
258 10823 4
259 10847 5
260 10889 6
261 10914 21
262 10946 3
263 10963 6
264 11011 28
265 11026 13
266 11053 12
267 11080 9
268 11105 10
269 11129 4
270 11155 21
271 11155 8
272 11195 9
273 11227 5
274 11255 6
275 11303 11
276 11338 6
277 11366 13
278 11380 14
279 11380 8
280 11398 11
281 11456 18
282 11547 22
283 11570 6
284 11593 20
285 11686 19
286 11709 6
287 11792 14
288 11842 43
289 11863 22
290 11863 8
291 11910 42
292 11948 4
293 11966 27
294 12076 27
295 12158 6
296 12180 11
297 12243 5
298 12345 10
299 12365 45
300 12388 6
301 12412 11
302 12418 5
303 12435 15
304 12452 6
305 12461 20
306 12529 31
307 12592 28
308 12599 6
309 12628 6
310 12647 28
311 12693 7
312 12703 6
313 12721 36
314 12760 36
315 12835 12
316 12849 5
317 12860 18
318 12881 28
319 12911 58
320 13017 17
321 13036 4
322 13130 5
323 13206 2
324 13350 4
325 13355 16
326 13400 6
327 13410 3
328 13430 11
329 13430 40
330 13512 12
331 13583 16
332 13671 6
333 13715 4
334 13727 47
335 13845 4
336 13876 23
337 13883 16
338 13915 5
339 13956 20
340 14034 15
341 14037 12
342 14078 6
343 14107 5
344 14187 19
345 14207 6
346 14266 4
347 14289 45
348 14337 13
349 14416 25
350 14444 72
351 14458 58
352 14536 7
353 14567 14
354 14613 33
355 14691 19
356 14713 20
357 14802 2
358 14813 36
359 14883 12
360 14917 14
361 14934 12
362 14995 17
363 15027 2
364 15075 17
365 15132 45
366 15210 12
367 15243 12
368 15300 4
369 15307 7
370 15307 13
371 15331 19
372 15356 18
373 15363 11
374 15387 10
375 15387 19
376 15422 12
377 15430 4
378 15464 27
379 15544 15
380 15544 8
381 15591 12
382 15614 2
383 15661 12
384 15684 38
385 15693 12
386 15747 7
387 15783 30
388 15819 77
389 15932 7
390 16027 15
391 16038 4
392 16102 5
393 16102 19
394 16110 11
395 16162 4
396 16305 4
397 16336 8
398 16336 46
399 16399 21
400 16421 12
401 16436 14
402 16483 2
403 16565 5
404 16652 4
405 16779 20
406 16805 15
407 16908 45
408 16924 29
409 16954 17
410 16996 4
411 17197 5
412 17203 25
413 17361 4
414 17440 2
415 17511 4
416 17575 4
417 17767 4
418 17796 29
419 18007 5
420 18053 10
421 18086 23
422 18105 4
423 18141 7
424 18187 22
425 18210 10
426 18305 10
427 18340 17
428 18359 26
429 18388 25
430 18421 6
431 18490 28
432 18525 8
433 18525 46
434 18658 4
435 18698 4
436 18743 4
437 18779 27
438 18779 8
439 18855 2
440 18898 15
441 18898 9
442 18965 22
443 19023 3
444 19066 8
445 19066 15
446 19104 4
447 19140 15
448 19140 9
449 19200 8
450 19200 15
451 19287 9
452 19287 15
453 19331 51
454 19331 10
455 19416 3
456 19524 17
457 19547 4
458 19568 9
459 19568 32
460 19638 12
461 19675 29
462 19675 71
463 19783 5
464 19833 6
465 19854 6
466 20025 23
467 20100 10
468 20152 6
469 20165 29
470 20198 4
471 20377 6
472 20425 29
473 20470 6
474 20527 6
475 20540 4
476 20546 83
477 20581 48
478 20598 19
479 21038 6
480 21164 27
481 21164 35
482 21194 4
483 21212 65
484 21223 54
485 21261 16
486 21284 6
487 21323 3
488 21362 15
489 21378 37
490 21391 24
491 21424 7
492 21481 15
493 21497 56
494 21503 20
495 21503 9
496 21543 10
497 21619 15
498 21635 24
499 21645 14
500 21725 9
501 21735 15
502 21735 39
503 21746 4
504 21754 20
505 21778 4
506 21784 23
507 21846 12
508 21859 20
509 21866 13
510 21888 7
