1 16 21
2 39 13
3 54 14
4 70 15
5 87 16
6 105 17
7 124 22
8 162 13
9 267 11
10 281 7
11 370 5
12 378 7
13 396 7
14 406 7
15 454 11
16 503 7
17 527 11
18 543 7
19 610 11
20 639 4
21 682 6
22 831 7
23 857 6
24 932 11
25 952 6
26 995 7
27 1211 7
28 1323 7
29 1338 6
30 1434 5
31 1442 7
32 1452 11
33 1560 4
34 1567 6
35 1601 4
36 1638 7
37 1719 5
38 1732 11
39 1758 11
40 1784 7
41 1892 8
42 1903 6
43 1958 7
44 2144 7
45 2414 14
46 2477 11
47 2491 7
48 2583 7
49 2720 8
50 2753 2
51 2777 55
52 2861 7
53 2926 5
54 2934 7
55 3144 7
56 3230 5
57 3284 13
58 3317 7
59 3416 5
60 3585 7
61 3829 7
62 3924 5
63 4069 8
64 4092 5
65 4304 7
66 4314 7
67 4357 7
68 4628 7
69 4944 7
70 4997 8
71 5008 5
72 5043 6
73 5052 11
74 5103 7
75 5221 7
76 5230 7
77 5475 11
78 5534 4
79 5541 8
80 5552 7
81 5688 11
