1 11 11
2 40 20
3 158 1
4 176 38
5 188 4
6 241 41
7 241 8
8 253 8
9 262 20
10 297 3
11 358 4
12 462 56
13 584 72
14 584 22
15 645 11
16 660 3
17 683 23
18 723 38
19 765 19
20 798 4
21 863 14
22 887 3
23 951 14
24 986 6
25 1010 26
26 1044 3
27 1154 31
28 1175 10
29 1187 1
30 1215 3
31 1228 21
32 1240 8
33 1251 7
34 1290 9
35 1302 13
36 1310 4
37 1335 7
38 1344 7
39 1373 9
40 1395 3
41 1482 16
42 1499 2
43 1554 10
44 1565 2
45 1720 29
46 1801 17
47 1945 23
48 1964 4
49 2196 17
50 2287 16
51 2320 6
52 2338 3
53 2370 18
54 2575 12
55 2589 13
56 2626 3
57 2773 3
58 2884 4
59 2961 8
60 2978 12
61 3021 21
62 3038 4
63 3044 2
64 3064 13
65 3105 14
66 3126 3
67 3198 16
68 3272 15
69 3289 17
70 3333 18
71 3360 2
72 3405 139
73 3405 23
74 3456 16
75 3513 3
76 3558 7
77 3568 3
78 3572 12
79 3587 6
80 3596 7
81 3608 3
82 3614 6
83 3631 10
84 3642 29
85 3685 13
86 3812 5
87 3820 3
88 3865 3
89 3865 9
90 3920 3
91 3930 14
92 4028 8
93 4040 13
94 4040 22
95 4087 7
96 4097 3
97 4122 19
98 4144 7
99 4162 8
100 4171 9
101 4251 4
102 4292 9
103 4311 8
104 4336 8
105 4367 13
106 4426 21
107 4438 8
108 4467 13
109 4475 4
110 4489 18
111 4550 12
112 4564 14
113 4596 18
114 4644 27
115 4978 8
116 5051 13
117 5067 18
118 5094 6
119 5112 13
120 5129 6
121 5151 9
122 5176 6
123 5184 6
124 5228 16
125 5316 8
126 5346 7
127 5354 8
128 5457 22
129 5480 4
130 5543 6
131 5575 6
132 5584 10
133 5596 10
134 5636 6
135 5672 10
136 5693 10
137 5739 6
138 5756 10
139 5790 6
140 5872 6
141 6003 13
142 6097 10
143 6110 19
144 6131 8
145 6166 6
146 6194 21
147 6235 9
148 6251 21
149 6284 2
150 6432 29
151 6449 12
152 6467 3
153 6471 4
154 6497 29
155 6528 5
156 6571 22
157 6583 10
158 6598 68
159 6598 26
160 6627 39
161 6661 5
162 6669 6
163 6713 9
164 6727 25
165 6754 32
166 6773 13
167 6974 6
168 7094 6
169 7211 17
170 7234 3
171 7312 4
172 7329 4
173 7359 6
174 7369 15
175 7376 8
176 7397 7
177 7439 8
178 7503 9
179 7551 13
180 7591 11
181 7674 8
182 7756 3
183 7830 29
184 7842 10
185 7910 28
186 7923 15
187 7932 6
188 7939 27
189 7958 8
190 7979 56
191 8025 3
192 8031 4
193 8101 17
194 8143 22
195 8174 17
196 8240 102
197 8253 8
198 8269 2
199 8357 12
200 8419 7
201 8470 6
202 8535 11
203 8578 44
204 8608 14
205 8615 7
206 8638 2
207 8676 56
208 8724 8
209 8773 5
210 8807 2
211 8847 2
212 8872 6
213 8882 6
214 8892 6
