1 0 11
2 24 6
3 40 10
4 47 3
5 95 8
6 106 7
7 120 21
8 196 14
9 204 6
10 211 54
11 218 3
12 233 32
13 244 6
14 255 10
15 276 10
16 289 18
17 289 8
18 332 7
19 419 6
20 468 3
21 535 10
22 535 18
23 561 11
24 610 11
25 610 40
26 651 6
27 694 7
28 723 3
29 835 70
30 842 8
31 842 16
32 890 14
33 922 1
34 949 11
35 961 2
36 1005 10
37 1018 8
38 1080 16
39 1090 6
40 1112 16
41 1112 8
42 1165 11
43 1173 3
44 1212 3
45 1379 11
46 1403 35
47 1419 6
48 1451 13
49 1473 10
50 1480 3
51 1504 4
52 1540 8
53 1540 16
54 1571 16
55 1571 8
56 1619 7
57 1627 7
58 1676 3
59 1682 4
60 1709 8
61 1709 15
62 1812 11
63 1826 9
64 1853 10
65 1885 20
66 1899 6
67 1920 82
68 1935 27
69 1945 17
70 1956 6
71 2015 10
72 2015 18
73 2050 6
74 2064 50
75 2082 32
76 2093 6
77 2104 10
78 2167 9
79 2198 3
80 2229 10
81 2254 7
82 2367 7
83 2378 10
84 2395 31
85 2405 6
86 2429 3
87 2429 11
88 2485 6
89 2505 6
90 2530 10
91 2543 29
92 2562 10
93 2584 43
