1 19 19
2 56 13
3 64 5
4 82 10
5 111 22
6 153 64
7 161 27
8 172 16
9 178 10
10 198 19
11 207 10
12 237 19
13 276 13
14 312 15
15 376 3
16 442 11
17 463 26
18 641 12
19 656 31
20 697 150
21 727 10
22 761 52
23 783 10
24 815 32
25 896 34
26 963 20
27 987 3
28 1015 10
29 1026 53
30 1032 13
31 1098 10
32 1138 83
33 1168 11
34 1183 15
35 1193 5
36 1201 20
37 1208 13
38 1241 23
39 1254 10
40 1286 151
41 1335 52
42 1346 41
43 1352 15
44 1425 12
45 1432 5
46 1577 12
47 1584 5
48 1603 3
49 1639 3
50 1690 10
51 1737 15
52 1774 12
53 1781 5
54 1910 2
55 1944 10
56 1964 2
57 2008 6
58 2023 29
59 2042 10
60 2055 12
61 2062 5
62 2093 16
63 2099 10
64 2166 5
65 2198 2
66 2226 18
67 2234 10
68 2248 6
69 2257 9
70 2270 30
71 2277 23
72 2392 9
73 2430 12
74 2437 5