1 7 25
2 24 8
3 46 22
4 85 8
5 128 25
6 145 8
7 228 14
8 259 24
9 301 18
10 402 21
11 413 10
12 439 3
13 545 9
14 557 13
15 573 8
16 660 9
17 769 10
18 774 5
19 790 2
20 824 8
21 834 11
22 847 7
23 857 12
24 905 8
25 925 6
26 971 4
27 982 41
28 1015 8
29 1025 20
30 1058 7
31 1081 11
32 1119 22
33 1142 10
34 1205 8
35 1317 24
36 1333 8
37 1343 7
38 1364 14
39 1394 36
40 1460 20
41 1504 8
42 1553 3
43 1627 3
44 1747 8
45 1781 3
46 1805 29
47 1838 24
48 1854 8
49 1918 4
50 1940 15
51 1957 7
52 2106 26
53 2136 47
54 2136 54
55 2185 4
56 2194 21
57 2295 8
58 2423 14
59 2533 22
60 2547 8
61 2630 6
62 2639 10
63 2677 11
64 2731 7
65 2758 3
66 3027 24
67 3043 8
68 3153 9
69 3205 8
70 3255 2
71 3285 26
72 3312 15
73 3363 2
74 3378 19
75 3428 2
76 3461 12
77 3524 14
