1 0 29
2 23 6
3 67 4
4 73 6
5 105 8
6 115 8
7 125 8
8 135 8
9 229 29
10 237 10
11 250 8
12 297 2
13 309 25
14 336 7
15 362 6
16 377 16
17 377 26
18 385 8
19 396 7
20 559 6
21 601 5
22 631 9
23 678 13
24 686 5
25 738 14
26 746 6
27 773 6
28 809 3
29 859 5
30 876 32
31 902 6
32 911 14
33 962 14
34 970 6
35 978 7
36 1020 13
37 1040 29
38 1080 6
39 1089 16
40 1109 15
41 1140 9
42 1151 7
43 1224 21
44 1246 31
45 1280 8
46 1292 6
47 1301 9
48 1313 6
49 1322 6
50 1330 8
51 1342 5
52 1350 3
53 1356 10
54 1369 7
55 1378 8
56 1390 6
57 1399 8
58 1410 8
59 1421 8
60 1431 8
61 1443 9
62 1455 6
63 1464 7
64 1474 5
