1 53 19
2 81 23
3 139 2
4 208 9
5 302 3
6 329 3
7 352 2
8 396 43
9 507 3
10 595 3
11 676 3
12 769 2
13 781 7
14 793 12
15 815 2
16 825 3
17 832 16
18 858 8
19 867 2
20 883 4
21 999 9
22 1023 12
23 1043 2
24 1083 2
25 1104 11
26 1138 3
27 1166 2
28 1169 3
29 1192 3
30 1236 9
31 1259 3
32 1375 9
33 1411 3
34 1425 14
35 1472 3
36 1489 2
37 1540 2
38 1604 3
39 1634 5
40 1642 31
41 1677 15
42 1693 3
43 1750 2
44 1775 19
45 1815 58
46 1815 5
47 1882 2
48 1904 13
49 1926 24
50 1958 7
51 1966 2
52 1982 14
53 1998 38
54 2045 3
55 2057 14
56 2074 1
57 2089 3
58 2093 9
59 2269 6
60 2292 6
61 2580 35
62 2593 22
63 2618 22
64 2691 5
65 2766 10
66 2823 11
67 2879 8
68 2899 6
69 2932 4
70 2938 39
71 3145 19
72 3220 3
73 3332 7
74 3477 4
75 3509 6
76 3523 79
77 3617 3
78 3734 4
79 3784 3
80 3809 4
81 3933 7
82 3967 2
83 4012 21
84 4093 19
85 4135 13
86 4154 3
87 4192 26
88 4222 1
89 4243 4
90 4289 6
91 4313 3
92 4349 8
93 4372 12
94 4426 1
95 4450 3
96 4468 4
97 4528 5
98 4558 4
99 4582 2
100 4734 6
101 4812 2
102 4830 36
103 4872 8
104 4928 8
105 4952 14
106 5027 6
107 5113 12
108 5286 47
109 5553 14
110 5573 14
111 5609 14
112 5626 14
113 5652 15
114 5826 12
115 5855 12
116 5983 12
117 6340 2
118 6368 2
119 6425 1
120 6444 19
121 6503 12
122 6536 12
123 6555 14
124 6602 3
125 6750 24
126 6776 6
127 6834 15
128 6853 3
129 6918 12
130 6938 2
131 7096 16
132 7166 6
133 7390 6
134 7412 4
135 7563 2
136 7591 20
137 7673 6
138 7682 3
139 7761 20
140 7833 3
141 7952 45
142 8021 2
143 8172 22
144 8179 15
145 8415 5
146 8486 24
147 8547 9
148 8631 20
149 8680 23
150 8692 11
151 8743 18
152 8779 6
153 8787 8
154 8831 15
155 8867 20
156 8966 14
157 8992 3
158 9052 22
159 9114 11
160 9128 6
161 9286 1
162 9298 23
163 9323 3
164 9373 3
165 9405 2
166 9455 18
167 9596 5
168 9640 4
169 9722 29
170 9729 22
171 9765 2
172 9790 1
173 9827 4
174 9834 4
175 9834 11
176 9864 4
177 10039 20
178 10079 5
179 10092 3
180 10190 2
181 10268 5
182 10292 3
183 10627 21
184 10693 2
185 10796 7
186 10830 21
187 10863 15
188 10872 6
189 10898 3
190 10910 2
191 10955 6
192 10967 3
193 11163 3
194 11201 2
195 11271 14
196 11307 46
197 11431 15
198 11477 3
199 11509 4
200 11544 1
201 11578 25
202 11615 6
203 11632 2
204 11646 3
205 11772 7
206 11786 3
207 11847 2
208 11888 15
209 11918 6
210 11960 6
211 12026 15
212 12068 1
213 12115 6
214 12156 4
215 12201 1
216 12278 3
217 12278 20
218 12319 5
219 12332 1
220 12345 8
221 12382 4
222 12404 51
223 12441 14
224 12459 3
225 12550 2
226 12565 6
227 12644 3
228 12753 6
229 12826 5
230 12997 24
231 13035 4
232 13085 4
233 13135 12
234 13161 8
235 13189 12
236 13269 6
237 13288 5
238 13325 3
239 13338 28
240 13368 2
241 13503 4
242 13508 35
243 13520 23
244 13532 2
245 13557 3
246 13586 17
247 13657 3
248 13763 1
249 13795 7
250 13845 4
251 13857 2
252 13891 3
253 13902 4
254 13908 11
255 13922 5
256 13938 4
257 13981 2
258 13993 6
259 14001 5
260 14026 6
261 14071 2
262 14085 11
263 14102 19
264 14124 7
265 14167 15
266 14189 3
267 14212 3
268 14221 1
269 14225 3
270 14245 19
271 14305 4
272 14318 2
273 14436 1
274 14508 4
275 14555 3
276 14566 2
277 14614 4
278 14647 4
279 14687 24
280 14724 22
281 14781 6
282 14821 11
283 14834 2
284 14955 6
285 15020 20
286 15032 8
287 15050 3
288 15054 28
289 15105 5
290 15149 3
291 15193 7
292 15230 2
293 15300 33
294 15448 1
295 15454 92
296 15482 3
297 15548 3
298 15586 3
299 15600 7
300 15618 13
301 15686 4
302 15719 1
303 15749 20
304 15779 2
305 15813 1
306 15834 4
307 15931 24
308 15962 29
309 15995 19
310 16036 23
311 16062 5
312 16098 3
