1 2 6
2 21 5
3 27 24
4 88 7
5 162 7
6 191 3
7 285 10
8 301 21
9 347 2
10 374 12
11 403 63
12 403 26
13 446 7
14 454 3
15 480 12
16 517 19
17 517 62
18 530 6
19 539 7
20 599 4
21 627 9
22 658 7
23 680 38
24 680 3
25 735 14
26 760 10
27 790 3
28 804 19
29 840 24
30 878 26
31 905 1
32 916 14
33 916 61
34 951 26
35 990 3
36 1043 3
37 1069 16
38 1098 7
39 1126 8
40 1142 7
41 1161 6
42 1242 23
43 1279 14
44 1296 15
45 1314 17
46 1338 35
47 1363 3
48 1388 19
49 1410 21
50 1434 45
51 1446 17
52 1482 24
53 1513 36
54 1527 3
55 1571 6
56 1589 21
57 1613 5
58 1654 6
59 1663 9
60 1675 12
61 1716 4
62 1724 2
63 1766 3
64 1772 4
65 1840 2
66 1840 8
67 1868 13
68 1912 14
69 1953 8
70 1977 12
71 1995 19
72 2021 26
73 2107 9
74 2131 4
75 2171 7
76 2242 13
77 2284 8
78 2300 20
79 2377 2
80 2467 19
81 2475 11
82 2510 16
83 2568 36
84 2607 17
85 2672 2
86 2675 2
87 2749 2
88 2784 13
89 2808 38
90 2851 4
91 2856 2
92 2897 4
93 2982 10
94 3059 29
95 3081 7
96 3098 3
97 3113 48
98 3131 12
99 3151 10
100 3179 11
101 3207 1
102 3230 23
103 3237 16
104 3237 5
105 3286 16
106 3343 2
107 3509 100
108 3522 9
109 3537 6
110 3549 8
111 3571 8
112 3604 5
113 3654 2
114 3673 3
115 3722 4
116 3759 14
117 3863 1
118 3995 14
119 4020 3
120 4125 10
121 4141 21
122 4181 3
123 4205 2
124 4210 14
125 4273 22
126 4298 3
127 4322 15
128 4322 37
129 4352 7
130 4385 4
131 4410 6
132 4475 3
133 4510 23
134 4536 2
135 4543 3
136 4579 6
137 4598 15
138 4622 4
139 4627 31
140 4632 26
141 4641 17
142 4663 6
143 4694 6
144 4709 3
145 4738 2
146 4758 3
147 4766 4
148 4775 15
149 4837 2
150 4842 4
151 4854 16
152 4878 4
153 4886 14
154 4923 4
155 4952 7
156 4982 7
157 5014 1
158 5016 3
159 5034 2
160 5101 21
161 5158 16
162 5225 5
163 5245 2
164 5313 2
165 5330 16
166 5347 6
167 5383 2
168 5447 20
169 5458 9
170 5504 14
171 5552 26
172 5569 9
173 5581 5
174 5617 9
175 5640 14
176 5667 3
177 5732 3
178 5770 2
179 5815 1
180 5824 4
181 5847 3
182 5847 9
183 5879 14
184 5932 14
185 5978 19
186 5998 2
187 6114 25
188 6121 9
189 6133 6
190 6145 2
191 6154 2
192 6171 3
193 6177 14
194 6231 5
195 6239 9
196 6260 21
197 6286 6
198 6298 15
199 6333 5
200 6389 24
201 6819 15
202 6857 11
203 6889 1
204 6900 16
205 6931 2
206 6936 3
207 6967 10
208 7047 16
209 7051 12
210 7166 57
211 7245 3
212 7259 2
213 7269 2
214 7389 3
215 7434 4
216 7439 16
217 7458 18
218 7494 4
219 7523 5
220 7560 1
221 7684 8
222 7769 23
223 7769 8
224 7780 12
225 7813 1
226 8035 47
227 8052 14
228 8069 13
229 8119 9
230 8129 4
231 8199 2
232 8231 42
233 8276 7
234 8306 14
235 8338 11
236 8357 2
237 8383 3
238 8516 9
239 8547 22
240 8599 2
241 8624 11
242 8805 23
243 8831 3
244 8892 17
245 8902 7
246 8929 7
247 8971 14
248 9029 10
249 9063 3
250 9069 4
251 9087 3
252 9179 3
253 9189 8
254 9254 4
255 9259 14
256 9287 3
257 9303 17
258 9335 2
259 9341 3
260 9362 14
261 9398 14
262 9433 34
263 9461 6
264 9516 22
265 9577 3
266 9609 18
267 9663 23
268 9670 10
269 9724 6
270 9780 14
271 9891 15
272 9897 9
273 9977 13
274 10101 21
275 10145 21
276 10243 19
277 10277 20
278 10335 20
279 10358 5
280 10387 19
281 10431 3
282 10452 8
283 10611 19
284 10684 25
285 10767 3
286 10843 11
287 10898 6
288 11084 2
289 11146 18
290 11233 17
291 11290 3
292 11310 19
293 11333 3
294 11909 9
295 11999 9
296 12028 13
297 12028 4
298 12171 9
299 12185 13
300 12560 11
301 12574 3
302 12641 33
303 12652 2
304 12685 2
305 12724 18
306 12819 11
307 12868 5
