1 23 5
2 31 6
3 67 18
4 134 3
5 158 7
6 202 3
7 244 3
8 319 18
9 353 7
10 391 6
11 399 2
12 422 17
13 441 6
14 449 5
15 477 7
16 486 6
17 494 8
18 507 3
19 534 5
20 543 4
21 555 7
22 605 3
23 657 2
24 715 4
25 729 20
26 751 16
27 769 19
28 790 19
29 812 21
30 847 19
31 875 19
32 897 22
33 936 6
34 944 16
35 949 11
36 1006 2
37 1035 7
38 1120 3
39 1142 13
40 1166 6
41 1192 2
42 1223 7
43 1250 7
44 1330 2
45 1455 3
46 1533 17
47 1565 3
48 1642 2
49 1692 3
50 1856 7
51 1865 7
52 2003 3
53 2070 6
54 2078 9
55 2097 8
56 2107 9
57 2119 6
58 2127 9
59 2139 6
60 2147 9
61 2159 7
62 2199 18
63 2220 6
64 2244 3
65 2261 2
66 2308 3
67 2338 3
68 2420 2
69 2441 5
70 2481 5
71 2525 32
72 2539 18
73 2559 3
74 2621 16
75 2657 7
76 2676 9
77 2713 11
78 2725 6
79 2734 17
80 2791 4
81 2796 11
82 2809 9
83 2871 4
84 2923 13
85 2959 3
86 2976 17
87 3009 13
88 3032 7
89 3054 40
90 3099 3
91 3266 21
92 3297 11
93 3335 2
94 3374 9
95 3386 16
96 3404 17
97 3424 19
98 3447 16
99 3479 16
100 3513 19
101 3521 11
102 3541 26
103 3546 21
104 3588 18
105 3608 7
106 3629 14
107 3634 9
108 3669 7
109 3679 6
110 3748 17
111 3766 17
112 3791 7
113 3801 16
114 3827 4
115 3871 16
116 3912 5
117 3920 6
118 3949 17
119 4000 6
120 4047 6
121 4087 4
122 4114 3
123 4135 18
124 4163 2
125 4200 6
126 4281 5
127 4299 3
128 4403 6
129 4511 16
130 4553 3
131 4571 3
132 4617 8
133 4636 6
134 4644 19
135 4665 18
136 4685 20
137 4708 10
138 4721 7
139 4742 11
140 4871 7
141 4968 14
142 4984 7
143 5055 11
144 5085 11
145 5182 6
146 5189 10
147 5213 2
148 5216 4
149 5300 6
150 5327 16
151 5375 9
152 5579 14
153 5595 7
154 5646 10
155 5791 11
156 5859 3
157 5889 7
158 5914 9
159 5927 16
160 5953 9
161 5963 3
162 5983 3
163 5997 6
164 5997 12
165 6040 17
166 6062 4
167 6062 8
168 6161 11
169 6174 6
170 6244 6
171 6253 9
172 6365 41
173 6376 30
174 6409 13
175 6434 8
176 6444 9
177 6507 18
178 6527 3
179 6566 2
180 6587 23
181 6598 12
182 6613 17
183 6638 20
184 6691 2
185 6710 3
186 6723 5
187 6742 18
188 6768 12
189 6836 11
190 6851 13
191 6937 18
192 6985 20
193 7038 8
194 7047 2
195 7078 8
196 7088 6
197 7097 4
198 7115 17
199 7174 8
200 7199 9
201 7248 5
202 7277 3
203 7284 14
204 7306 30
205 7322 3
206 7338 18
207 7380 2
208 7429 5
209 7443 2
210 7459 4
211 7491 6
212 7532 9
213 7542 9
214 7574 2
215 7600 3
216 7634 40
217 7677 3
218 7677 10
219 7691 14
220 7762 18
221 7782 7
222 7816 16
223 7836 18
224 7864 3
225 7914 9
226 7956 22
227 7980 2
228 8001 9
229 8044 5
230 8091 9
231 8120 10
232 8170 30
233 8202 11
234 8216 14
235 8243 3
236 8249 11
237 8310 26
238 8339 7
239 8359 8
240 8376 9
241 8388 11
242 8400 8
243 8421 10
244 8499 25
245 8545 9
246 8555 3
247 8598 8
248 8607 18
249 8653 4
250 8693 2
251 8706 4
252 8712 7
253 8747 4
254 8782 3
255 8808 9
256 8821 4
257 8834 15
258 8839 10
259 8900 2
260 8915 7
261 8963 23
262 8968 18
263 9018 7
264 9027 20
265 9067 8
266 9104 3
267 9119 6
268 9143 3
269 9188 9
270 9198 9
271 9249 3
272 9262 42
273 9308 7
274 9346 6
275 9354 20
276 9410 55
277 9458 6
278 9473 18
279 9542 3
280 9620 5
281 9679 4
282 9731 15
283 9736 10
284 9758 6
285 9766 8
286 9777 6
287 9785 16
288 9803 12
289 9817 17
290 9843 9
291 9853 18
292 9885 27
293 9914 7
294 9937 65
295 9970 7
296 9979 9
297 9991 11
298 10004 3
299 10044 10
300 10111 10
301 10129 11
302 10152 8
303 10162 9
304 10181 16
305 10181 3
306 10185 12
307 10200 4
308 10208 2
309 10216 2
310 10269 9
311 10298 8
312 10318 3
313 10340 3
314 10351 3
315 10366 18
316 10406 9
317 10435 29
318 10485 17
319 10584 3
320 10596 32
321 10617 11
322 10630 45
323 10644 31
324 10652 9
325 10664 11
326 10677 14
327 10703 17
328 10711 9
329 10723 3
330 10748 2
331 10769 15
332 10769 25
333 10777 7
334 10787 7
335 10825 8
336 10909 2
337 10912 7
338 10921 23
339 10926 18
340 10950 2
341 10996 5
342 11010 3
343 11032 6
344 11039 36
345 11045 22
346 11134 5
347 11142 3
348 11142 9
349 11153 18
350 11210 7
351 11220 6
352 11227 9
353 11303 24
354 11321 6
355 11328 3
356 11375 2
357 11403 4
358 11423 18
359 11462 9
360 11527 11
361 11558 54
362 11564 48
363 11652 31
364 11664 10
365 11685 18
366 11712 11
367 11761 1
368 11786 3
369 11786 8
370 11850 3
371 11890 4
372 11915 5
373 11958 3
374 12000 3
375 12028 4
376 12091 4
377 12132 19
378 12154 15
379 12171 9
380 12191 54
381 12196 7
382 12227 18
383 12247 21
384 12270 9
385 12289 2
386 12294 5
387 12302 6
388 12350 9
389 12536 11
390 12673 6
391 12762 20
392 12804 5
393 12824 5
394 12830 18
395 12867 3
396 12913 2
397 12935 7
398 12945 4
399 12972 3
400 13053 6
401 13126 29
402 13247 9
403 13281 4
404 13288 6
405 13296 3
406 13347 2
407 13382 28
408 13412 34
409 13448 26
410 13478 17
411 13528 9
412 13554 7
413 13575 6
414 13591 18
