1 27 13
2 34 6
3 60 13
4 103 6
5 112 10
6 112 3
7 116 6
8 146 37
9 184 53
10 196 41
11 292 11
12 314 10
13 328 23
14 340 11
15 369 13
16 385 5
17 406 3
18 431 3
19 438 6
20 448 2
21 462 5
22 504 3
23 510 23
24 522 11
25 551 52
26 579 6
27 621 16
28 627 10
29 660 13
30 677 7
31 759 10
32 763 6
33 798 32
34 863 22
35 874 11
36 888 2
37 943 10
38 982 6
39 992 10
40 992 3
41 996 6
42 1078 7
43 1112 14
44 1120 6
45 1128 7
46 1145 17
47 1151 11
48 1176 11
49 1431 17
50 1438 10
51 1495 5
52 1594 6
53 1639 5
54 1647 2
