1 41 8
2 130 6
3 171 7
4 183 2
5 183 9
6 186 6
7 232 16
8 242 6
9 263 6
10 286 2
11 309 2
12 324 27
13 334 17
14 345 6
15 405 6
16 423 5
17 423 17
18 462 3
19 561 7
20 644 19
21 675 43
22 711 7
23 737 16
24 755 15
25 772 21
26 795 22
27 819 50
28 973 5
29 988 6
30 1085 15
31 1094 6
32 1170 6
33 1188 3
34 1204 11
35 1209 6
36 1246 5
37 1253 4
38 1337 10
39 1341 6
40 1391 16
41 1401 6
42 1410 19
43 1423 6
44 1431 24
45 1485 5
46 1552 9
47 1666 6
48 1675 11
49 1732 11
50 1797 17
51 1815 16
52 1825 6
53 1896 3
54 1918 3
55 2001 3
56 2034 15
57 2044 5
58 2071 66
59 2174 9
60 2191 11
61 2260 75
62 2357 9
63 2367 9
64 2378 4
65 2418 18
66 2428 2
67 2438 4
68 2474 12
69 2513 5
70 2519 9
71 2530 4
72 2549 6
73 2589 29
74 2599 19
75 2605 13
76 2633 26
77 2640 19
78 2660 9
79 2732 5
80 2801 6
81 2827 3
82 2974 5
83 3015 29
84 3025 19
85 3031 13
86 3085 28
87 3137 17
88 3148 6
89 3157 24
90 3182 3
91 3222 28
92 3503 7
93 3503 22
94 3511 29
95 3562 3
96 3574 22
97 3590 6
98 3599 29
99 3609 19
100 3622 6
101 3647 33
102 3674 6
103 3688 36
104 3753 12
105 3774 6
106 3783 43
107 3807 19
108 3813 13
109 3839 19
110 3845 13
111 3998 19
112 4021 44
113 4046 19
114 4052 13
115 4077 19
116 4130 25
117 4143 12
118 4168 28
119 4182 14
120 4254 42
121 4277 19
122 4290 6
123 4325 9
124 4325 4
125 4343 23
126 4349 5
127 4378 17
128 4396 77
129 4401 19
130 4429 44
131 4448 25
132 4461 12
133 4476 45
134 4502 19
135 4508 13
136 4723 21
137 4739 5
138 4816 53
139 4822 47
140 4837 32
141 4848 21
142 4864 5
143 4882 34
144 4897 19
145 4909 7
146 4925 12
147 4931 6
148 4938 39
149 4961 16
150 4961 3
151 4997 4
152 4997 9
153 5052 46
154 5140 31
155 5145 26
156 5158 13
157 5166 5
158 5190 35
159 5210 2
160 5210 15
161 5228 5
162 5245 15
163 5252 8
164 5263 17
165 5363 39
166 5443 39
167 5557 6
168 5625 12
169 5651 15
170 5692 19
171 5733 5
172 5823 5
173 5864 6
174 5953 27
175 5994 5
176 6017 75
177 6072 20
178 6085 7
179 6094 38
180 6113 19
181 6135 59
182 6178 16
183 6188 6
184 6206 16
185 6216 6
186 6265 37
187 6286 16
188 6296 6
189 6310 5
190 6357 30
191 6401 5
192 6512 7
193 6522 82
194 6649 21
195 6762 7
196 6781 2
197 6781 17
198 6848 12
199 6906 15
200 6922 22
201 6970 19
202 7059 7
203 7067 3
204 7067 14
205 7093 6
206 7131 16
207 7141 6
208 7177 6
209 7195 27
210 7227 3
211 7268 17
212 7279 6
213 7298 3
214 7333 7
215 7373 6
216 7402 67
217 7447 7
218 7455 14
219 7455 3
220 7498 22
221 7533 2
222 7611 24
223 7629 6
224 7670 3
225 7747 6
226 7760 25
227 7774 11
228 7825 14
229 7846 16
230 7869 28
231 7883 14
232 7914 12
233 7914 6
234 7976 22
235 8137 7
236 8158 10
237 8170 8
238 8215 31
239 8227 8
240 8337 8
241 8535 88
242 8561 62
243 8588 7
244 8626 5
245 8651 21
246 8805 11
247 8830 4
248 8863 15
249 8907 17
250 9005 26
251 9318 14
252 9370 3
253 9495 11
254 9518 16
255 9562 5
256 9571 10
257 9616 21
258 9631 6
259 9644 3
260 9681 5
261 9704 31
262 9729 6
263 9739 10
264 9789 11
265 9794 6
266 9835 21
267 9850 6
268 9864 8
269 9864 3
270 9914 3
271 9970 17
272 9975 12
273 10123 6
274 10142 27
275 10213 5
276 10243 12
277 10248 7
278 10310 2
279 10393 3
280 10415 2
281 10415 17
282 10657 26
283 10758 5
284 10795 19
285 10840 3
286 10852 3
287 10960 3
288 11075 26
289 11133 31
290 11146 18
291 11379 9
292 11391 18
293 11403 6
294 11471 10
295 11495 12
296 11664 18
297 11684 11
298 11689 6
299 11712 29
300 11772 9
301 11784 11
302 11846 26
303 11939 15
304 12008 26
305 12091 17
306 12302 28
307 12332 2
308 12409 25
309 12486 18
310 12643 17
311 12716 26
312 12726 16
313 12759 2
314 12871 26
315 12978 18
316 13011 3
317 13047 20
318 13083 17
319 13145 17
320 13186 17
321 13234 19
322 13270 2
323 13387 31
324 13550 5
325 13663 30
326 13713 36
327 13790 18
328 13795 13
329 13846 29
330 13903 16
331 13986 11
332 14025 17
333 14081 20
334 14124 5
335 14167 13
336 14205 10
337 14224 6
338 14233 11
339 14263 4
340 14285 10
341 14297 4
342 14328 6
343 14337 11
344 14379 11
345 14391 5
346 14398 11
347 14412 17
348 14417 12
349 14533 17
350 14564 16
351 14575 5
352 14647 5
353 14759 6
354 14783 19
355 14844 11
356 14957 5
357 15009 28
358 15020 17
359 15059 3
360 15078 5
361 15123 10
362 15138 13
363 15181 5
364 15212 13
365 15297 35
366 15322 10
367 15334 39
368 15347 9
369 15364 9
370 15384 58
371 15420 22
372 15458 16
373 15468 6
374 15539 22
375 15601 22
376 15668 22
377 15699 29
378 15719 9
379 15781 19
380 15905 22
381 15936 29
382 16032 19
383 16213 6
384 16222 3
385 16222 9
386 16236 29
387 16249 16
388 16256 9
389 16278 12
390 16328 30
391 16368 5
392 16377 15
393 16395 19
394 16417 28
395 16434 11
396 16447 11
397 16510 12
398 16516 6
399 16525 29
400 16538 16
401 16545 9
402 16576 10
403 16596 5
404 16605 5
405 16632 4
406 16649 5
407 16700 4
408 16707 32
409 16717 22
410 16741 11
411 16746 6
412 16767 8
413 16832 8
414 16843 5
415 16860 23
416 16865 18
417 16941 5
418 16947 24
419 16952 19
420 16986 22
421 16996 12
422 17010 4
423 17043 6
424 17051 9
425 17081 11
426 17086 6
427 17097 4
428 17112 16
429 17122 6
430 17131 4
431 17144 21
432 17166 14
433 17347 15
434 17369 5
435 17375 9
436 17424 11
437 17429 6
438 17451 9
439 17469 5
440 17475 9
441 17523 7
442 17549 11
443 17554 6
444 17591 9
445 17673 16
446 17739 4
447 17755 29
448 17819 11
449 17824 6
450 17850 35
451 17869 3
452 17869 16
453 17943 10
454 17956 27
455 17965 18
456 18030 6
457 18044 5
458 18095 17
459 18106 6
460 18115 41
461 18140 16
462 18140 3
463 18268 24
464 18393 4
465 18423 11
466 18428 6
467 18448 19
468 18494 15
469 18640 57
470 18691 6
471 18730 11
472 18742 13
473 18775 3
474 18801 14
475 18822 16
476 18881 2
477 18903 9
478 18923 6
479 18962 9
480 18966 5
481 19097 7
482 19185 11
483 19201 34
484 19262 29
485 19267 24
486 19318 10
487 19329 33
488 19391 12
489 19433 28
490 19456 5
491 19571 38
492 19656 6
493 19683 33
494 19732 202
495 19737 6
496 19786 3
497 19786 16
498 19818 10
499 19838 68
500 19849 57
501 19893 13
502 19944 31
503 19949 26
504 20014 15
505 20014 2
506 20131 6
507 20182 7
508 20205 3
509 20242 12
510 20248 6
511 20257 36
512 20277 3
513 20277 16
514 20311 16
515 20321 6
516 20351 21
517 20400 15
518 20400 2
519 20432 2
520 20508 5
521 20555 6
522 20589 38
523 20610 17
524 20620 7
525 20669 10
526 20713 11
527 20742 18
528 20761 16
529 20771 6
530 20881 17
531 20938 12
532 20943 7
533 20983 8
534 21038 8
535 21097 6
536 21115 29
537 21169 20
538 21360 7
539 21429 31
540 21463 111
541 21522 30
542 21527 25
543 21540 12
544 21590 24
545 21607 7
546 21633 39
547 21682 2
548 21808 5
549 21873 24
550 21890 7
551 21931 7
552 21954 14
553 21954 3
554 21988 17
555 22006 16
556 22016 6
557 22062 67
558 22093 36
559 22111 18
560 22111 3
561 22148 9
562 22201 19
563 22214 6
564 22236 16
565 22246 6
566 22256 29
567 22266 19
568 22279 6
569 22291 27
570 22300 18
571 22319 16
572 22329 6
573 22393 5
574 22399 5
575 22435 21
576 22445 11
577 22460 16
578 22470 6
579 22516 36
580 22541 5
581 22547 5
582 22572 17
583 22583 6
584 22605 79
585 22647 7
586 22670 14
587 22670 3
588 22701 11
589 22706 6
590 22713 21
591 22718 3
592 22718 16
593 22800 17
594 22811 6
595 22821 22
596 22837 6
597 22871 7
598 22944 20
599 23006 20
600 23011 15
601 23011 2
602 23062 11
603 23067 6
604 23074 3
605 23100 12
606 23100 3
607 23186 29
608 23318 37
609 23339 16
610 23349 6
611 23508 34
612 23599 17
613 23610 6
614 23888 3
615 23928 56
616 24011 29
617 24093 16
618 24103 6
619 24165 10
620 24189 6
621 24229 8
622 24249 34
623 24272 5
624 24278 5
625 24287 37
626 24308 16
627 24318 6
628 24378 23
629 24404 10
630 24448 7
631 24493 29
632 24523 23
633 24566 6
634 24603 29
635 24645 31
636 24689 25
637 24734 6
638 24793 5
639 24826 10
640 24868 16
641 24875 9
642 24938 10
643 25013 5
644 25019 16
645 25029 6
646 25087 67
647 25097 57
648 25112 5
649 25124 30
650 25136 3
651 25222 106
652 25232 6
653 25280 26
654 25290 16
655 25290 3
656 25353 16
657 25360 9
658 25411 7
659 25434 3
660 25434 14
661 25463 24
662 25481 6
663 25546 12
