1 16 13
2 48 43
3 59 32
4 114 71
5 137 48
6 172 3
7 200 13
8 340 46
9 376 10
10 425 2
11 489 25
12 526 8
13 537 16
14 555 7
15 746 12
16 753 5
17 906 12
18 936 7
19 956 9
20 1010 15
21 1096 25
22 1134 7
23 1160 13
24 1228 63
25 1271 20
26 1297 95
27 1297 92
28 1369 20
29 1395 72
30 1447 20
31 1473 82
32 1517 24
33 1561 33
34 1605 7
35 1670 5
36 1734 18
37 1865 11
38 1879 18
39 1933 5
40 1969 8
41 2032 27
42 2125 60
43 2137 48
44 2247 11
45 2290 16
46 2319 9
47 2371 8
48 2394 41
49 2454 12
50 2503 8
51 2531 13
52 2562 39
53 2752 8
54 2776 2
55 2952 31
56 3028 13
57 3060 21
58 3084 7
59 3127 7
60 3137 21
61 3212 24
62 3255 25
63 3282 18
64 3337 25
65 3385 21
66 3432 9
67 3502 24
68 3545 21
69 3590 25
70 3644 21
71 3811 21
72 3952 7
73 4009 9
74 4024 4
75 4099 7
76 4181 21
77 4205 7
78 4246 7
79 4310 9
80 4322 3
81 4343 24
82 4394 7
83 4469 7
84 4530 19
85 4656 9
86 4692 21
87 4748 35
88 4792 31
89 4818 5
90 4876 5
91 4884 13
92 4920 7
93 4948 26
94 5010 3
95 5051 5
96 5112 5
97 5168 5
98 5305 5
99 5371 5
100 5428 5
101 5601 24
102 5664 20
103 5772 6
104 5793 5
105 5861 20
106 5883 7
107 5967 11
108 6131 8
109 6142 10
110 6299 6
111 6322 7
112 6332 9
113 6370 5
114 6421 2
115 6437 5
116 6467 6
117 6482 7
118 6532 5
