1 0 20
2 35 5
3 186 47
4 186 17
5 193 9
6 206 27
7 217 16
8 244 11
9 259 17
10 264 12
11 293 30
12 306 17
13 326 10
14 349 27
15 370 6
16 389 25
17 408 6
18 429 25
19 435 6
20 444 10
21 476 36
22 490 3
23 515 14
24 531 32
25 559 4
26 585 6
27 631 10
28 749 7
29 848 20
30 883 5
31 1067 13
32 1106 12
33 1127 6
34 1135 30
35 1145 20
36 1209 3
37 1209 13
38 1266 3
39 1368 6
40 1377 5
41 1377 8
42 1398 24
43 1410 12
44 1433 25
45 1450 8
46 1484 37
47 1490 13
48 1490 24
49 1523 4
50 1547 253
51 1562 2
52 1811 12
53 1812 10
54 1827 33
55 1845 15
56 1890 7
57 1932 13
58 1948 29
59 2002 21
60 2016 6
61 2045 9
62 2087 13
63 2110 2
64 2128 19
65 2134 13
66 2183 9
67 2204 13
68 2211 6
69 2223 3
70 2234 6
