1 17 11
2 43 35
3 43 9
4 65 13
5 75 3
6 126 8
7 137 46
8 137 11
9 158 25
10 163 20
11 199 55
12 209 13
13 209 27
14 223 13
15 274 13
16 284 3
17 298 2
18 324 8
19 336 11
20 405 30
21 429 6
22 445 13
23 455 3
24 467 7
25 475 7
26 499 36
27 499 2
28 528 7
29 622 3
30 658 10
31 670 11
32 694 9
33 804 69
34 839 17
35 859 14
36 906 12
37 920 11
38 982 26
39 982 9
40 999 9
41 1005 3
42 1019 7
43 1056 2
44 1188 4
45 1217 11
46 1243 22
47 1254 11
48 1280 4
49 1331 34
50 1331 9
51 1348 17
52 1362 3
53 1377 28
54 1391 14
55 1461 11
56 1506 17
57 1514 9
58 1541 5
59 1586 20
60 1612 10
61 1623 5
62 1708 48
63 1715 23
64 1740 6
65 1749 6
