1 11 6
2 56 38
3 145 20
4 217 8
5 274 10
6 285 7
7 308 19
8 347 2
9 407 7
10 451 29
11 458 14
12 458 22
13 474 5
14 510 19
15 569 7
16 583 11
17 642 5
18 717 8
19 736 8
20 848 18
21 877 7
22 895 8
23 914 2
24 920 6
25 933 5
26 959 7
27 1019 14
28 1038 14
29 1047 5
30 1054 14
31 1177 6
32 1202 23
33 1227 8
34 1450 6
35 1488 7
36 1499 23
37 1555 6
38 1575 9
39 1589 6
40 1607 9
41 1641 2
42 1654 11
43 1677 2
44 1711 1
45 1723 4
46 1740 5
47 1804 3
48 1814 21
49 1822 13
50 1838 17
51 1879 14
52 1979 15
53 2038 6
54 2107 5
55 2170 8
56 2170 16
57 2270 6
58 2325 21
59 2351 8
