1 24 3
2 95 3
3 147 3
4 162 3
5 229 1
6 354 7
7 442 36
8 521 3
9 587 4
10 904 4
11 1126 2
12 1247 52
13 1315 15
14 1332 28
15 1361 15
16 1378 13
17 1392 15
18 1409 10
19 1420 16
20 1438 14
21 1453 14
22 1469 22
23 1492 14
24 1508 15
25 1524 13
26 1539 6
27 1546 13
28 1561 17
29 1579 13
30 1594 13
31 1608 13
32 1623 6
33 1656 19
34 1777 3
35 1792 3
36 1812 4
37 1818 7
38 1866 7
39 1889 4
40 1934 5
41 1946 23
42 1978 1
43 1999 36
44 2018 17
45 2046 2
46 2055 4
47 2071 2
48 2074 3
49 2128 7
50 2199 15
51 2362 34
52 2369 19
53 2389 7
54 2433 2
55 2518 18
56 2539 15
57 2575 4
58 2595 25
59 2752 7
60 2765 5
61 2837 1
62 2839 3
63 2926 22
64 2926 15
65 2964 1
66 2991 3
67 3105 10
68 3144 3
69 3426 24
70 3461 4
71 3603 1
72 3639 19
73 3660 3
74 3698 3
75 3722 6
76 3730 3
77 3771 2
78 3803 10
79 3816 21
80 3840 16
81 3927 8
82 3973 3
83 4019 1
84 4044 19
85 4210 10
86 4350 7
87 4367 23
88 4374 16
89 4392 2
90 4401 2
91 4405 2
92 4426 12
93 4442 6
94 4449 23
95 4495 6
96 4520 2
97 4536 4
98 4558 1
99 4663 8
100 4715 4
101 4739 9
102 4750 2
103 4770 1
104 4862 14
105 4881 4
106 4916 7
107 4929 3
108 5038 1
109 5057 9
110 5068 5
111 5115 21
112 5138 19
113 5160 19
114 5189 6
115 5197 7
116 5249 7
117 5259 11
118 5284 5
119 5318 15
120 5368 5
121 5417 12
122 5488 9
123 5570 9
124 5580 2
125 5603 19
126 5668 19
127 5668 2
128 5699 4
129 5758 3
