1 16 6
2 33 23
3 58 22
4 133 56
5 162 27
6 191 21
7 222 9
8 235 3
9 267 85
10 339 13
11 364 5
12 383 10
13 423 40
14 439 7
15 447 16
16 466 5
17 601 5
18 663 31
19 749 19
20 771 3
21 793 7
22 812 44
23 819 37
24 847 9
25 860 4
26 874 9
27 917 6
28 938 10
29 1011 16
30 1045 5
31 1053 3
32 1096 7
33 1279 9
34 1317 4
35 1435 7
36 1559 7
37 1567 7
38 1582 7
39 1593 10
40 1647 3
41 1651 8
42 1713 12
43 1713 6
44 1720 5
45 1732 7
46 1763 14
47 1862 7
48 1975 14
49 2249 8
50 2288 14
51 2367 6
52 2374 17
53 2428 31
54 2468 5
55 2508 18
56 2592 14
57 2609 11
58 2657 20
59 2690 16
60 2767 7
61 2958 8
62 2959 6
63 2969 20
64 3014 2
65 3042 5
66 3087 8
67 3161 28
68 3192 6
69 3199 14
70 3219 29
71 3268 10
72 3332 7
73 3366 22
74 3401 22
75 3437 9
76 3449 57
77 3508 7
78 3537 3
79 3566 12
80 3614 3
81 3650 5
82 3706 83
83 3706 8
84 3720 26
85 3822 15
86 3845 5
87 3875 3
88 3977 10
89 4119 5
90 4156 9
91 4179 11
92 4215 32
93 4226 9
94 4249 14
95 4295 5
96 4550 5
97 4608 2
98 4643 14
99 4671 5
100 4679 19
101 4700 13
102 4715 34
103 4751 21
104 4776 8
105 4799 10
106 4811 8
107 4820 2
108 4853 6
109 4860 15
110 4943 5
111 4960 3
112 4977 3
113 5010 5
114 5016 16
115 5057 7
116 5083 14
117 5102 9
118 5201 13
119 5201 20
120 5262 11
121 5276 14
122 5277 12
123 5292 13
124 5308 10
125 5328 36
126 5367 5
127 5389 32
128 5423 2
129 5505 3
130 5645 6
131 5684 4
132 5711 13
133 5711 3
134 5826 2
135 5842 12
136 5857 13
137 5895 8
138 5906 5
139 5915 14
140 5994 11
141 6128 7
142 6136 13
143 6191 19
144 6211 2
145 6229 19
146 6251 5
147 6338 9
148 6414 7
149 6422 5
150 6604 12
151 6619 3
152 6619 18
153 6681 5
154 6753 10
155 6881 2
156 6975 5
157 7075 5
158 7104 7
159 7206 2
160 7313 9
161 7324 7
162 7343 9
163 7464 7
164 7504 18
165 7529 14
166 7548 7
167 7556 5
168 7574 2
169 7641 14
170 7663 23
171 7681 5
172 7688 43
173 7747 12
174 7747 4
175 7815 3
176 7821 6
177 7918 7
178 7978 17
179 8031 2
180 8100 2
181 8161 5
182 8193 18
183 8227 4
184 8297 17
185 8317 14
186 8487 9
187 8561 5
188 8618 7
189 8745 7
190 8797 14
191 8817 30
192 8895 9
193 8918 9
194 8999 13
195 9015 3
196 9015 11
197 9020 5
198 9117 1
199 9190 29
200 9224 17
201 9339 5
202 9551 6
203 9706 6
204 9739 7
205 9775 6
206 9818 19
207 9867 19
208 9887 37
209 10012 9
210 10037 5
211 10098 48
212 10140 6
213 10151 16
214 10151 7
215 10168 5
216 10185 12
217 10199 7
218 10233 6
219 10262 5
220 10281 10
221 10312 18
