1 0 9
2 26 34
3 38 22
4 63 9
5 103 7
6 120 13
7 131 2
8 135 7
9 144 8
10 154 7
11 163 7
12 172 4
13 178 6
14 187 6
15 196 29
16 207 18
17 265 21
18 280 6
19 302 19
20 388 16
21 417 6
22 432 30
23 438 5
24 465 35
25 481 6
26 502 9
27 529 32
28 555 6
29 573 9
30 612 6
31 619 32
32 628 6
33 663 8
34 673 9
35 684 8
36 695 8
37 705 10
38 788 6
39 798 7
40 819 3
41 823 9
42 874 3
43 914 7
44 925 3
45 981 7
46 1008 9
47 1036 16
48 1066 9
49 1073 2
50 1112 56
51 1133 35
52 1162 6
53 1182 15
54 1308 7
55 1326 7
56 1335 6
57 1344 7
58 1353 7
59 1378 27
60 1398 7
61 1410 2
62 1434 6
63 1444 17
