1 10 15
2 28 15
3 107 6
4 129 25
5 339 9
6 392 13
7 553 10
8 584 23
9 618 38
10 658 6
11 677 22
12 677 47
13 701 22
14 734 32
15 768 26
16 797 2
17 814 20
18 831 3
19 884 7
20 1136 13
21 1163 4
22 1216 9
23 1228 15
24 1277 8
25 1377 7
26 1428 26
27 1482 4
28 1537 19
29 1558 21
30 1636 3
31 1676 2
32 1729 28
33 1813 25
34 1833 5
35 1847 2
36 1971 4
37 2045 4
38 2064 9
39 2265 5
40 2354 17
41 2380 3
42 2417 98
43 2582 4
44 2777 7
45 2787 21
46 2803 5
47 2822 9
48 2883 2
49 2901 7
50 2924 3
51 3022 4
52 3039 2
53 3097 5
54 3363 69
55 3363 11
56 3375 57
57 3435 3
58 3538 7
59 3548 8
60 3648 4
61 3665 2
62 3697 3
63 3789 4
64 3817 29
65 3910 8
66 3948 2
67 4033 10
68 4053 2
69 4085 21
70 4123 2
71 4161 3
72 4305 2
73 4323 2
74 4423 86
75 4474 6
76 4607 9
