1 11 23
2 27 7
3 36 4
4 66 19
5 144 25
6 188 4
7 241 30
8 249 16
9 292 26
10 314 4
11 321 32
12 357 32
13 391 19
14 431 26
15 459 18
16 510 15
17 527 19
18 594 16
19 612 17
20 677 18
21 696 27
22 742 4
23 755 22
24 781 35
25 854 47
26 860 16
27 922 4
28 936 39
29 957 18
30 995 26
31 1022 20
32 1044 7
33 1143 43
34 1171 15
35 1218 23
36 1242 33
37 1278 41
38 1278 19
39 1298 21
40 1325 25
41 1361 28
42 1397 10
43 1409 25
44 1425 9
45 1442 21
46 1465 40
47 1508 83
48 1533 38
49 1599 23
50 1630 24
51 1658 13
52 1673 39
53 1723 5
54 1738 62
55 1758 27
56 1788 12
57 1802 47
58 1858 4
59 1868 28
60 1909 61
61 1979 49
62 2001 27
63 2034 19
64 2076 43
65 2088 21
66 2110 9
67 2132 18
68 2191 3
69 2211 5
70 2236 4
71 2275 18
72 2284 9
73 2297 20
74 2306 11
75 2321 4
76 2339 6
77 2358 9
78 2436 4
79 2467 6
80 2481 9
81 2537 6
82 2596 1
83 2629 11
84 2651 8
85 2660 7
86 2683 6
87 2715 5
88 2776 16
89 2818 42
90 2842 8
91 2871 8
92 2886 16
93 2892 10
94 2920 6
95 2928 31
96 3008 3
97 3042 3
98 3098 21
99 3123 7
100 3145 16
101 3163 16
102 3181 19
103 3208 47
104 3225 30
105 3289 5
106 3311 2
107 3354 5
108 3401 3
109 3448 7
110 3506 11
111 3525 8
112 3580 10
113 3698 3
