1 0 97
2 0 9
3 38 22
4 38 8
5 49 11
6 64 33
7 75 3
8 79 18
9 79 5
10 102 28
11 143 22
12 143 7
13 155 10
14 169 32
15 180 2
16 183 18
17 183 5
18 224 19
19 244 3
20 244 13
21 262 3
22 262 15
23 294 11
24 434 28
25 475 41
26 494 7
27 506 10
28 520 32
29 531 2
30 534 5
31 534 18
32 589 11
33 713 10
34 733 21
35 733 6
36 744 10
37 780 39
38 791 2
39 794 18
40 794 5
41 794 33
42 816 3
43 868 24
44 868 8
45 881 11
46 893 27
47 904 3
48 908 12
49 952 2
50 1017 11
51 1063 28
52 1109 22
53 1109 7
54 1121 10
55 1135 28
56 1146 17
57 1207 20
58 1244 7
