1 10 6
2 36 22
3 43 15
4 78 3
5 82 12
6 98 23
7 127 37
8 138 10
9 185 9
10 197 10
11 525 16
12 615 7
13 712 22
14 768 56
15 832 21
16 844 9
17 858 3
18 862 7
19 885 5
20 895 12
21 902 5
22 967 3
23 992 3
24 1007 5
25 1045 41
26 1054 32
27 1070 16
28 1087 60
29 1093 38
30 1173 16
31 1185 4
32 1193 23
33 1231 29
34 1245 15
35 1298 15
36 1345 20
37 1375 29
38 1381 6
39 1413 2
40 1492 15
41 1514 15
42 1565 3
43 1639 22
44 1652 9
45 1697 55
46 1706 28
47 1719 15
48 1801 3
49 1844 5
50 1873 4
51 1938 9
52 1975 3
53 2070 9
54 2157 5
55 2176 8
56 2221 17
57 2249 3
58 2249 39
59 2290 30
60 2322 25
61 2328 19
62 2350 9
63 2350 62
64 2360 12
65 2416 4
66 2459 9
67 2565 14
68 2583 3
69 2614 30
70 2629 15
71 2668 16
72 2675 9
73 2807 4
74 2838 25
75 2847 16
76 2864 15
77 2895 3
78 2901 3
79 2953 3
80 2978 4
81 3010 9
82 3081 3
83 3119 14
84 3144 4
85 3163 4
86 3270 39
87 3294 15
88 3320 25
89 3347 63
90 3353 57
91 3393 6
92 3415 8
93 3424 2
94 3450 6
95 3532 2
96 3553 42
97 3597 3
98 3616 6
99 3631 3
100 3648 2
101 3805 4
102 3823 9
103 3823 3
104 3833 3
105 3887 10
106 3908 12
107 3938 38
108 3938 129
109 4051 16
110 4083 28
111 4199 2
112 4238 4
113 4254 4
114 4349 12
115 4392 25
116 4432 17
117 4453 3
118 4478 3
119 4504 3
120 4537 2
121 4601 2
122 4696 28
123 4761 5
124 4805 10
125 4818 14
126 4836 4
127 4862 20
128 4879 3
129 4984 4
130 5089 30
131 5122 4
132 5225 11
133 5239 2
134 5284 23
135 5292 7
136 5324 5
137 5409 12
138 5449 7
139 5485 7
140 5496 17
141 5660 11
142 5744 28
143 5757 15
144 5792 21
145 5807 6
