1 0 17
2 99 17
3 157 13
4 182 9
5 192 3
6 273 8
7 285 17
8 464 28
9 495 25
10 568 22
11 602 11
12 628 17
13 653 11
14 760 19
15 822 9
16 859 3
17 877 17
18 923 7
19 1070 14
20 1087 17
21 1108 8
22 1164 16
23 1172 8
24 1189 6
25 1207 10
26 1221 3
27 1314 10
28 1314 10
29 1426 9
30 1532 17
31 1532 16
32 1883 7
33 2156 17
34 2334 17
35 2334 16
36 2355 17
37 2375 17
38 2509 9
39 2645 17
40 2773 6
41 3086 102
42 3094 15
43 3132 14
44 3157 14
45 3194 42
46 3204 15
47 3346 7
48 3413 34
49 3449 34
50 3486 26
51 3579 8
52 3615 29
53 3780 9
54 3928 15
55 4004 5
56 4027 10
57 4081 6
58 4217 7
59 4227 7
60 4244 20
61 4299 8
62 4334 7
63 4357 2
64 4357 2
65 4493 17
66 4493 17
67 4493 17
68 4511 7
69 4533 17
70 4850 2
71 4868 5
72 4888 2
73 4972 5
74 4978 2
75 5011 9
76 5085 2
77 5200 9
78 5273 7
79 5339 17
80 5460 8
81 5460 8
82 5460 8
83 5538 19
84 5550 7
85 5581 2