1 0 17
2 28 28
3 58 38
4 135 10
5 168 5
6 229 10
7 261 6
8 270 10
9 300 3
10 315 23
11 376 13
12 376 25
13 534 18
14 565 14
15 591 21
16 654 20
17 679 7
18 698 9
19 713 5
20 730 30
21 773 3
22 777 10
23 790 6
24 814 6
25 826 36
26 848 14
27 864 4
28 871 9
29 878 2
30 897 5
31 917 16
32 938 6
33 955 19
34 992 12
35 1008 5
36 1022 7
37 1034 12
38 1042 4
39 1121 5
40 1129 8
41 1140 14
42 1159 13
43 1163 9
44 1229 81
45 1247 23
46 1281 21
47 1287 6
48 1305 5
49 1331 6
50 1340 15
51 1357 5
52 1365 23
53 1391 6
54 1400 15
55 1435 7
56 1445 13
57 1460 8
58 1471 7
59 1480 8
60 1491 15
61 1509 8
62 1520 22
63 1531 11
64 1548 58
65 1558 48
66 1586 20
67 1596 10
68 1608 13
69 1637 3
70 1641 52
71 1696 9
72 1708 9
73 1719 10
74 1732 15
75 1749 5
76 1757 16
77 1775 6
78 1785 9
79 1796 5
80 1804 7
81 1852 7
82 1862 6
83 1870 9
84 1882 20
85 1904 6
86 1913 18
87 1936 18
88 2027 12
89 2050 34
90 2072 12
91 2087 2
92 2111 12
93 2134 13
94 2158 23
95 2201 11
96 2227 31
97 2273 21
98 2311 24
99 2351 31
100 2419 12
101 2445 5