1 20 23
2 36 7
3 76 84
4 91 69
5 101 59
6 125 8
7 136 24
8 170 2
9 207 18
10 227 10
11 260 20
12 260 4
13 299 3
14 318 6
15 407 7
16 424 70
17 577 7
18 624 12
19 646 2
20 674 8
21 736 174
22 1098 55
23 1159 2
24 1242 6
25 1284 7
26 1422 12
27 1485 7
28 1507 6
29 1546 7
30 1557 18
31 1599 8
32 1643 46
33 1675 14
34 1717 8
35 1728 27
36 1728 3
37 1767 2
38 1834 7
39 1856 3
40 1875 4
41 1909 7
42 1933 2
43 2123 19
44 2144 3
45 2215 12
46 2429 7
47 2470 14
48 2518 3
49 2553 2
50 2606 17
51 2625 14
52 2640 3
53 2750 34
54 2792 8
