1 0 10
2 41 11
3 55 23
4 61 17
5 118 18
6 165 11
7 189 31
8 210 10
9 221 46
10 301 19
11 323 16
12 385 24
13 420 69
14 722 2
15 736 65
16 890 16
17 896 10
18 950 4
19 1033 28
20 1083 10
21 1116 13
22 1194 22
23 1220 16
24 1435 213
25 1495 14
26 1550 20
27 1584 30
28 1678 3
29 1743 16
30 1777 4
31 1786 4
32 1811 32
33 1821 22
34 1863 15
35 1881 14
36 1900 18
37 1929 21
38 1957 16
39 2021 16
40 2040 7
41 2064 20
42 2087 16
43 2122 2
44 2219 16
45 2263 8
46 2289 3
47 2353 4
48 2360 18
49 2433 5
50 2441 1
51 2460 16
52 2472 4
53 2556 4
54 2582 1
55 2631 2
56 2663 13
57 2738 5
58 2762 4
59 2789 28
60 2801 3
61 2917 18
62 2938 16
63 3013 29
64 3045 7
65 3083 7
66 3109 3
67 3138 5
68 3351 18
69 3416 41
70 3584 12
71 3597 15
72 3684 13
73 3698 12
74 3875 7
75 3942 19
76 3982 3
77 4038 13
78 4075 3
79 4122 15
80 4133 4
81 4152 6
82 4161 2
83 4179 3
84 4198 3
85 4314 6
86 4327 6
87 4375 5
88 4408 2
89 4424 32
90 4631 2
91 4833 2
92 4857 4
93 4981 6
94 5006 12
95 5059 3
96 5089 5
97 5131 3
98 5206 6
99 5297 6
100 5449 4
101 5497 10
