1 0 40
2 14 26
3 14 13
4 30 10
5 68 28
6 108 16
7 108 4
8 115 9
9 118 6
10 122 2
11 136 20
12 157 19
13 187 69
14 237 19
15 260 7
16 336 12
17 365 26
18 365 13
19 381 10
20 483 6
21 511 11
22 524 13
23 539 10
24 552 15
25 596 6
26 603 7
27 650 9
28 701 13
29 718 5
30 789 22
31 814 20
32 940 7
33 976 16
34 990 2
35 1062 19
36 1125 41
37 1198 11
38 1350 10
39 1363 4
40 1381 3
41 1437 5
42 1451 6
43 1459 7
44 1488 4
45 1519 7
46 1550 9
47 1574 22
48 1598 7
49 1662 4
50 1695 5
51 1714 16
52 1726 4
53 1760 2
54 1773 7
55 1783 7
56 1903 32
57 1916 19
58 2002 40
59 2070 46
60 2137 19
61 2178 51
62 2231 2
63 2279 41
64 2390 3
65 2396 3
66 2479 44
67 2528 5
68 2541 10
69 2604 33
70 2634 3
71 2640 4
72 2647 14
73 2691 51
74 2726 4
75 2750 75
76 2763 36
77 2796 3
78 2840 4
79 2854 13
80 2881 43
81 2894 9
82 2928 7
83 2972 30
84 3005 10
85 3024 8
86 3035 10
87 3092 16
88 3159 5
89 3172 17
90 3223 4
91 3286 4
92 3293 10
93 3313 3
94 3350 19
95 3370 19
96 3391 10
97 3452 11
98 3465 3
99 3512 3
100 3542 40
101 3585 10
102 3624 3
103 3639 6
104 3689 4
105 3724 59
106 3756 5
107 3794 3
108 3863 18
109 3917 6
110 3989 5
111 4002 10
112 4068 25
113 4113 41
114 4166 11
115 4179 49
116 4214 4
117 4278 3
118 4336 7
119 4359 4
120 4391 37
121 4399 16
122 4441 57
123 4470 28
124 4500 7
125 4537 4
126 4549 7
127 4640 5
128 4655 10
129 4720 8
130 4797 53
131 4797 13
132 4813 37
133 4844 6
