1 0 4
2 13 10
3 34 7
4 43 10
5 64 7
6 341 12
7 369 3
8 369 9
9 483 20
10 507 15
11 559 24
12 574 9
13 585 3
14 605 20
15 634 25
16 638 21
17 656 3
18 708 7
19 725 6
20 764 33
21 785 12
22 801 40
23 824 17
24 892 16
25 914 6
26 921 25
27 989 11
28 995 5
29 1044 18
30 1044 17
31 1107 51
32 1132 6
33 1175 25
34 1186 14
35 1197 3
36 1223 6
37 1318 100
38 1342 26
39 1357 11
40 1431 3
41 1474 22
42 1482 8
43 1500 26
44 1582 5
45 1599 7
46 1634 9
47 1780 3
48 1811 23
49 1862 7
50 1871 2
51 2035 30
52 2084 34
53 2096 22
54 2184 39
55 2200 11
56 2206 5
57 2225 36
58 2239 22
59 2346 18
60 2385 2
61 2411 3
62 2491 28
63 2553 3
64 2582 7
65 2639 5
66 2669 6
67 2692 3
68 2743 8
69 2754 3
70 2758 21
71 2787 6
72 2869 3
73 2894 5
74 3007 5
75 3013 28
76 3049 25
77 3057 17
78 3112 4
79 3148 3
80 3156 31
81 3167 20
82 3192 7
83 3254 33
84 3275 12
85 3299 2
86 3329 4
87 3394 32
88 3470 17
89 3476 11
90 3504 3
91 3542 18
92 3572 3
93 3606 38
94 3674 5
95 3715 5
96 3723 58
97 3733 48
98 3754 27
99 3797 50
100 3863 12
101 3884 11
102 3949 10
103 4055 5
104 4081 11
105 4108 2
106 4563 8
107 4574 5
108 4758 18
109 4773 3
110 4862 3
111 4907 16
112 4934 3
