1 75 4
2 117 4
3 216 14
4 500 25
5 580 8
6 591 8
7 773 5
8 832 15
9 878 17
10 898 6
11 1038 8
12 1113 15
13 1296 6
14 1330 8
15 1534 21
16 1650 8
17 1782 18
18 1804 2
19 1930 17
20 1950 8
21 2182 21
22 2246 2
23 3003 37
24 3022 18
25 3425 8
26 3487 82
27 3572 21
28 3607 3
29 3680 14
30 3700 22
31 3762 2
32 3878 7
33 3991 6
34 4037 30
35 4077 3
36 4137 16
37 4166 3
38 4186 15
39 4192 9
40 4583 27
41 4787 35
42 4826 3
43 5259 27
44 5303 11
45 5491 26
46 5682 15
47 6358 8
48 6452 7
49 6493 4
50 6500 21
51 6524 2
52 6637 4
53 6684 3
54 6730 7
55 6798 2
56 7049 7
57 7092 8
58 7126 6
59 7229 23
60 7255 2
61 7392 6
62 7460 33
63 7683 12
64 7735 40
65 7823 3
66 8270 15
67 8774 8
68 8878 3
69 9011 17
70 9030 2
