1 0 18
2 37 3
3 186 23
4 196 13
5 249 9
6 299 7
7 356 9
8 438 49
9 495 14
10 533 6
11 550 17
12 600 6
13 623 3
14 642 10
15 663 6
16 689 7
17 723 7
18 742 6
19 774 2
20 779 5
21 851 13
22 955 30
23 971 14
24 987 24
25 987 5
26 1005 6
27 1017 2
28 1102 3
29 1279 4
30 1285 6
31 1307 32
32 1334 5
33 1343 15
34 1354 4
35 1372 24
36 1381 15
37 1419 11
38 1438 8
39 1511 8
40 1539 6
41 1570 19
42 1591 20
43 1615 6
44 1638 6
45 1704 14
46 1733 3
47 1745 26
48 1789 7
49 1803 4
50 1815 9
51 1899 6
52 1928 9
53 1981 23
54 2052 9
55 2064 5
56 2064 43
57 2109 18
58 2109 63
59 2143 20
60 2202 9
61 2209 2
62 2222 4
63 2239 13
64 2245 7
65 2263 20
66 2293 6
67 2318 33
68 2326 25
69 2341 10
70 2374 10
71 2397 9
72 2418 6
73 2443 25
74 2485 6
75 2526 21
76 2561 3
77 2565 7
78 2584 7
79 2626 89
80 2638 23
81 2664 21
82 2689 26
83 2770 14
84 2799 16
85 2831 6
86 2914 11
87 2956 52
88 2977 15
89 2995 13
90 3027 6
91 3066 7
92 3082 4
93 3101 2
94 3163 8
95 3197 4
96 3233 6
97 3347 5
98 3423 13
99 3438 17
100 3547 4
101 3554 6
102 3630 4
103 3689 6
104 3696 14
105 3783 7
106 3808 6
107 3828 15
108 3847 3
109 3860 7
110 4029 10
111 4044 6
112 4054 13
113 4094 7
114 4125 4
115 4148 30
116 4200 3
117 4255 6
118 4270 7
119 4316 12
120 4337 2
121 4341 6
122 4365 17
123 4375 7
124 4386 1
125 4391 2
126 4408 7
127 4419 3
128 4474 18
129 4533 13
130 4541 5
131 4548 5
132 4603 11
133 4681 5
134 4775 5
135 4793 3
136 4797 5
137 4804 7
138 4827 5
139 4853 29
140 4953 4
141 4984 6
142 5071 23
143 5121 7
144 5156 6
145 5200 4
146 5217 11
147 5256 15
148 5289 3
149 5328 11
150 5405 4
151 5412 6
152 5439 5
153 5447 4
154 5576 9
155 5634 3
156 5748 14
157 5748 98
158 5776 17
159 5776 70
160 5802 7
161 5831 15
162 5928 4
163 6006 14
164 6022 17
165 6087 3
166 6269 20
167 6284 5
168 6303 8
169 6361 5
170 6401 7
171 6470 6
172 6489 19
173 6515 4
174 6564 7
175 6601 4
176 6601 12
177 6606 7
178 6641 7
179 6674 17
180 6674 7
181 6684 7
182 6699 8
183 6843 6
184 6929 2
185 6940 7
186 6956 4
187 7001 7
188 7020 4
189 7058 7
190 7072 18
191 7115 7
192 7161 4
193 7197 6
194 7197 47
195 7205 7
196 7225 7
197 7317 2
198 7374 8
199 7396 1
200 7400 11
201 7408 3
202 7435 9
203 7449 7
204 7476 7
205 7508 8
206 7517 6
207 7583 4
208 7610 3
209 7648 3
210 7733 6
211 7748 7
212 7803 7
213 7833 6
214 7869 6
215 7891 3
216 7916 30
217 8005 7
218 8013 14
219 8077 5
220 8086 74
221 8104 8
222 8116 8
223 8129 31
224 8155 5
225 8173 8
226 8197 8
227 8232 6
228 8244 15
229 8264 7
230 8275 6
231 8285 5
232 8342 8
233 8455 7
234 8477 6
235 8492 27
236 8528 5
237 8536 4
238 8562 7
239 8572 10
240 8626 6
241 8634 6
242 8642 15
243 8659 14
244 8675 32
245 8691 16
246 8712 7
247 8725 6
248 8745 6
249 8762 3
250 8858 7
251 8969 7
252 9016 4
253 9388 30
254 9428 4
255 9515 5
256 9597 30
257 9605 22
258 9611 16
259 9639 7
260 9694 12
261 9893 4
262 9936 6
263 9961 6
264 10129 8
265 10140 18
266 10192 18
267 10235 31
268 10280 2
269 10326 11
270 10342 3
271 10352 7
272 10403 17
273 10421 1
274 10456 22
275 10462 16
276 10490 3
277 10506 4
278 10536 3
279 10557 7
280 10645 18
281 10645 44
282 10705 7
283 10709 3
284 10830 19
285 10854 7
286 10874 37
287 10914 23
288 10940 7
289 10957 39
290 10998 7
291 11026 4
292 11071 11
293 11102 15
294 11138 5
295 11152 5
296 11163 11
297 11182 18
298 11202 2
299 11207 5
300 11246 2
301 11269 5
302 11356 11
303 11362 5
304 11377 5
305 11434 3
306 11440 6
307 11454 2
308 11466 5
309 11475 11
310 11509 3
311 11558 3
312 11605 2
313 11615 5
314 11615 54
315 11710 3
316 11714 3
317 11714 18
318 11835 41
319 11904 7
320 11915 38
321 11944 9
322 11958 11
323 11967 2
324 12098 11
325 12114 23
326 12150 3
327 12184 5
328 12301 13
329 12319 9
330 12332 4
331 12340 8
332 12389 3
333 12401 5
334 12410 19
335 12425 4
336 12495 6
337 12503 21
338 12511 13
339 12527 40
340 12537 30
341 12635 5
342 12642 3
343 12705 3
344 12718 23
345 12726 10
346 12750 3
347 12888 6
348 12898 11
349 12926 9
350 12937 12
351 12961 17
352 12980 47
353 13019 8
354 13043 6
355 13051 7
356 13060 8
357 13071 44
358 13117 10
359 13124 3
360 13278 24
361 13286 16
362 13456 25
363 13510 3
364 13666 39
365 13666 5
366 13725 9
367 13725 4
368 13737 5
369 13792 5
370 13826 7
371 13835 5
372 13850 2
373 13978 6
374 14122 5
375 14164 26
376 14191 19
377 14220 8
378 14255 20
379 14286 4
380 14338 5
381 14357 2
382 14369 3
383 14401 13
384 14407 7
385 14415 10
386 14421 4
387 14457 17
388 14476 3
389 14519 3
390 14537 6
391 14553 3
392 14576 8
393 14587 12
394 14605 4
395 14813 3
396 14932 2
397 15122 10
398 15151 23
399 15231 4
400 15254 7
401 15324 1
402 15338 24
403 15346 16
404 15366 12
405 15382 4
406 15395 6
407 15404 24
408 15430 6
409 15480 6
410 15490 9
411 15502 15
412 15671 5
413 15684 3
414 15716 6
415 15724 13
416 15739 24
417 15747 16
418 15777 4
419 15804 5
420 15810 24
421 15818 16
422 15828 6
423 15845 2
424 15917 5
425 15924 15
426 15953 8
427 15964 9
428 15976 11
429 16007 4
430 16012 9
431 16023 4
432 16050 5
433 16059 15
434 16129 2
435 16139 7
436 16149 2
437 16201 5
438 16225 12
439 16233 4
440 16252 2
441 16270 25
442 16297 19
443 16319 15
444 16346 6
445 16355 6
446 16362 9
447 16373 2
448 16550 1
449 16597 13
450 16673 31
451 16688 16
452 16737 5
453 16770 46
454 16783 13
455 16801 15
456 16828 5
457 16873 37
458 16873 36
459 16929 3
460 16933 9
461 16971 3
462 16990 2
463 17033 8
464 17129 27
465 17182 6
466 17190 2
467 17221 6
468 17246 8
469 17251 3
470 17271 2
471 17271 7
472 17426 6
473 17454 8
474 17459 3
475 17491 6
476 17527 6
477 17574 4
478 17642 7
479 17661 4
480 17680 12
481 17686 6
482 17707 4
483 17764 10
484 17769 5
485 17797 9
486 17817 5
487 17926 4
488 18044 6
489 18136 5
490 18152 4
491 18175 26
492 18189 12
493 18235 2
494 18300 16
495 18368 7
496 18368 18
497 18418 4
498 18472 5
499 18540 4
500 18580 5
501 18630 16
502 18637 9
503 18649 58
504 18657 50
505 18736 7
506 18736 92
507 18848 28
508 18877 5
509 19157 21
510 19226 3
511 19336 4
512 19357 21
513 19380 7
514 19397 4
515 19411 5
516 19447 16
517 19470 4
518 19488 5
519 19488 35
520 19524 3
521 19642 16
522 19654 4
523 19677 5
524 19739 7
525 19750 13
526 19778 50
527 19806 11
528 19820 8
529 19890 9
530 20036 11
531 20072 61
532 20141 2
533 20151 14
534 20180 15
535 20298 9
536 20349 8
537 20358 8
538 20446 33
539 20514 4
540 20544 41
541 20561 24
542 20599 3
543 20684 5
544 20693 90
545 20799 40
546 20840 5
547 20963 2
548 21048 5
549 21169 12
550 21183 3
551 21189 18
552 21312 42
553 21614 18
554 21688 12
555 21697 3
556 21702 5
557 21799 2
558 21818 3
559 21839 4
560 21861 14
561 21981 7
562 22004 5
563 22042 5
564 22050 11
565 22138 16
566 22145 8
567 22160 25
568 22161 6
569 22274 3
570 22289 19
571 22304 4
572 22326 6
573 22344 2
574 22358 3
575 22369 5
576 22376 5
577 22404 3
578 22635 7
579 22645 5
580 22658 7
581 22677 10
582 22689 9
583 22700 16
584 22740 7
585 22749 2
586 22777 2
587 22804 17
588 22805 15
589 22875 25
590 22938 2
591 22938 11
592 22960 4
593 22968 5
594 22975 55
595 23060 4
596 23121 17
597 23206 3
598 23274 7
599 23284 8
600 23301 16
601 23331 15
602 23462 1
603 23482 7
604 23546 1
605 23567 13
606 23584 6
607 23595 5
608 23616 5
609 23639 10
610 23644 5
611 23651 5
612 23714 1
613 23779 1
614 23794 7
615 23870 7
616 23891 7
617 23929 3
618 24028 3
619 24033 1
620 24042 11
621 24100 4
622 24129 9
623 24139 8
624 24154 5
625 24163 1
626 24206 13
627 24280 5
628 24293 4
629 24302 8
630 24356 7
631 24385 5
632 24415 5
633 24422 1
634 24431 2
635 24517 33
636 24568 4
637 24613 14
638 24673 2
639 24844 46
640 24882 8
641 24913 9
642 24938 11
643 24955 7
644 24974 32
645 25010 23
646 25053 6
647 25062 8
648 25083 14
649 25108 15
650 25128 9
651 25162 6
652 25200 7
653 25232 6
654 25251 5
655 25257 8
656 25282 13
657 25289 6
658 25297 2
659 25311 7
660 25331 5
661 25408 3
662 25472 2
663 25483 3
664 25495 5
665 25502 9
666 25508 3
667 25586 4
668 25647 8
669 25658 15
670 25720 21
671 25835 5
672 25842 5
673 25863 12
674 25931 15
675 25965 3
676 25965 7
677 25976 7
678 25991 5
679 26030 2
680 26062 4
681 26093 7
682 26102 5
683 26117 4
684 26154 4
685 26159 2
686 26183 4
687 26188 5
688 26219 6
689 26230 4
690 26282 17
691 26290 9
692 26318 9
693 26338 6
694 26348 15
695 26380 16
696 26389 7
697 26406 7
698 26427 9
699 26444 8
700 26480 3
701 26514 20
702 26514 64
703 26536 7
704 26586 12
705 26594 4
706 26620 5
707 26627 5
708 26650 21
709 26685 23
710 26711 5
711 26793 11
712 26882 7
713 26930 4
714 26945 7
715 27052 5
716 27066 10
717 27072 4
718 27094 2
719 27206 8
720 27243 9
721 27254 7
722 27279 7
723 27288 5
724 27320 4
725 27332 2
726 27349 4
727 27376 4
728 27396 2
729 27399 7
730 27409 7
731 27418 11
732 27431 6
733 27743 12
734 27748 7
735 27764 22
736 27850 6
737 27875 5
738 27897 3
739 27930 10
740 27960 6
741 27996 3
742 28059 3
