1 0 13
2 15 13
3 36 11
4 72 50
5 124 14
6 149 23
7 186 7
8 203 8
9 265 38
10 281 22
11 309 62
12 320 26
13 327 19
14 349 22
15 387 7
16 421 5
17 444 12
18 459 15
19 506 3
20 512 5
21 544 14
22 560 5
23 568 5
24 599 20
25 635 6
26 662 5
27 670 5
28 783 7
29 807 3
30 813 5
31 866 14
32 897 3
33 903 5
34 950 7
35 961 3
36 1004 5
37 1033 7
38 1063 5
39 1071 13
40 1092 5
41 1133 5
42 1139 7
43 1172 5
44 1180 5
45 1194 6
46 1204 5
47 1220 6
48 1256 10
49 1269 7
50 1287 7
51 1296 13
52 1340 7
53 1379 3
54 1408 5
55 1424 7
56 1448 5
57 1465 3
58 1478 5
59 1485 7
60 1505 3
61 1534 5
62 1551 4
63 1570 5
64 1577 3
65 1600 7
66 1618 5
67 1625 7
68 1648 5
69 1648 11
70 1674 15
71 1697 18
72 1721 3
73 1725 7
74 1744 4
75 1759 2
76 1803 5
77 1810 7
78 1849 16
79 1875 6
80 1887 2
81 1925 4
82 1931 5
83 1955 7
84 1977 3
85 2016 2
86 2035 50
87 2055 30
88 2111 7
89 2146 3
90 2158 14
91 2193 5
92 2216 5
93 2244 2
94 2279 3
95 2293 4
96 2315 2
97 2333 7
98 2370 7
99 2389 2
100 2389 9
101 2404 2
102 2417 6
103 2425 5
104 2437 4
105 2444 7
106 2470 5
107 2503 7
108 2512 3
109 2528 5
110 2547 3
111 2555 7
112 2565 7
113 2623 7
114 2667 5
115 2695 6
116 2729 3
117 2754 24
118 3007 2
119 3007 25
120 3036 7
121 3072 3
122 3078 6
123 3105 7
124 3137 3
125 3155 20
126 3159 16
127 3186 4
128 3226 16
129 3261 7
130 3270 2
131 3294 7
132 3354 7
133 3385 10
134 3397 7
135 3444 7
136 3468 2
137 3474 7
138 3502 7
139 3517 2
140 3525 2
141 3525 10
142 3547 13
143 3562 6
144 3571 10
145 3595 6
146 3605 5
147 3620 5
148 3690 5
149 3714 26
150 3746 14
151 3754 6
152 3770 3
153 3774 15
154 3784 5
155 3791 3
156 3803 7
157 3849 7
158 3907 3
159 3919 15
160 3953 7
161 3973 2
162 4003 7
163 4030 16
164 4052 10
165 4068 2
166 4089 3
167 4115 4
168 4156 7
169 4166 6
170 4174 7
171 4226 2
172 4240 7
173 4265 2
174 4269 7
175 4300 3
176 4317 3
177 4336 2
178 4372 4
179 4379 7
180 4405 3
181 4451 7
182 4478 5
183 4486 9
184 4515 4
185 4532 7
186 4557 6
187 4565 6
188 4589 8
189 4602 3
190 4630 13
191 4658 6
192 4676 5
193 4716 7
194 4726 2
195 4743 16
196 4761 7
197 4776 4
198 4782 7
199 4821 4
200 4833 5
201 4854 5
202 4860 23
203 4876 7
204 4892 4
205 4909 7
206 4924 2
207 4947 2
208 4987 5
209 5007 5
210 5029 2
211 5029 9
212 5051 6
213 5065 4
214 5092 7
215 5109 9
216 5121 5
217 5146 4
218 5156 2
219 5165 28
220 5233 9
221 5274 5
222 5305 6
223 5332 3
224 5338 5
225 5348 8
226 5358 7
227 5378 7
228 5378 2
229 5411 5
230 5418 7
231 5447 3
232 5500 3
233 5517 5
234 5524 7
235 5546 4
236 5558 15
237 5615 7
238 5642 5
239 5675 5
240 5695 2
241 5742 5
242 5762 2
243 5776 7
244 5808 3
245 5814 7
246 5836 7
247 5846 5
248 5876 5
249 5891 4
250 5966 2
251 6015 7
252 6043 5
253 6069 5
254 6078 2
255 6089 7
256 6120 13
257 6142 28
258 6163 7
259 6172 5
260 6200 7
261 6229 4
262 6234 2
263 6263 2
264 6307 5
265 6314 7
266 6335 2
267 6346 6
268 6366 5
269 6373 7
270 6428 7
271 6438 19
272 6459 7
273 6537 7
274 6549 23
275 6601 15
276 6626 3
277 6626 8
278 6653 20
279 6675 7
280 6683 2
281 6692 7
282 6709 3
283 6736 5
284 6807 7
285 6829 5
286 6844 2
287 6920 7
288 6930 2
289 6951 30
290 6974 7
291 6984 7
292 7003 7
293 7027 2
294 7072 5
295 7119 5
296 7143 7
297 7167 7
298 7202 9
299 7244 7
300 7299 6
301 7332 7
302 7351 15
303 7361 5
304 7372 7
305 7460 6
306 7468 5
307 7484 9
308 7519 12
309 7551 7
310 7560 7
311 7596 19
312 7609 6
313 7623 3
314 7644 7
315 7669 7
316 7708 6
317 7728 14
318 7737 5
319 7751 2
320 7756 7
321 7788 8
322 7817 7
323 7838 11
324 7863 7
325 7884 7
326 7893 7
327 7938 8
328 7962 5
329 8004 15
330 8031 12
331 8047 7
332 8069 8
333 8079 3
334 8128 14
335 8145 7
336 8173 7
337 8191 2
338 8191 11
339 8214 7
340 8222 3
341 8237 24
342 8275 7
343 8301 6
344 8355 7
345 8363 3
346 8385 7
347 8415 7
348 8446 8
349 8475 6
350 8484 2
351 8501 8
352 8518 3
353 8548 7
354 8584 6
355 8608 3
356 8627 8
357 8652 7
358 8663 7
359 8691 7
360 8730 8
361 8745 2
362 8785 3
363 8799 16
364 8808 7
365 8819 8
366 8848 7
367 8857 7
368 8873 7
369 8884 3
370 8900 3
371 8912 12
372 8960 5
373 8975 5
374 9005 10
375 9031 3
376 9031 9
377 9042 2
378 9059 23
379 9087 13
380 9117 5
381 9135 3
382 9151 7
383 9183 9
384 9206 2
385 9261 5
386 9323 7
387 9341 4
388 9350 5
389 9371 8
390 9397 6
391 9397 11
392 9410 7
393 9426 5
394 9435 4
395 9457 5
396 9486 6
397 9494 7
398 9521 5
399 9545 17
400 9589 3
401 9595 8
402 9605 7
403 9631 25
404 9643 13
405 9648 8
406 9690 6
407 9698 3
408 9719 6
409 9727 7
410 9742 5
411 9770 8
412 9798 9
413 9798 4
414 9809 8
415 9827 7
416 9883 9
417 9894 4
418 9917 7
419 9933 5
420 9941 24
421 9941 2
422 9978 8
423 9988 5
424 10009 8
425 10021 7
426 10101 3
427 10146 3
428 10155 10
429 10167 7
430 10181 2
431 10181 9
432 10193 7
433 10202 2
434 10243 4
435 10254 2
436 10257 5
437 10257 17
438 10278 10
439 10290 3
440 10305 3
441 10342 19
442 10342 3
443 10346 15
444 10368 3
445 10418 14
446 10422 4
447 10428 4
448 10438 5
449 10457 5
450 10464 7
451 10502 6
452 10521 5
453 10528 4
454 10543 7
455 10554 7
456 10574 2
457 10615 6
458 10656 6
459 10676 3
460 10694 7
461 10705 13
462 10719 7
463 10748 6
464 10756 3
465 10900 3
466 10904 4
467 10945 17
468 11002 13
469 11019 7
470 11042 6
471 11052 2
472 11100 5
473 11108 8
474 11130 2
475 11157 19
476 11179 27
477 11216 6
478 11227 14
479 11244 7
480 11261 6
481 11356 3
482 11370 6
483 11538 7
484 11613 3
485 11618 36
486 11657 2
487 11657 24
488 11660 21
489 11693 11
490 11730 18
491 11761 18
492 11771 8
493 11782 5
494 11783 12
495 11788 7
496 11806 2
497 11806 7
498 11817 7
499 11834 29
500 11874 6
501 11884 5
502 11884 11
503 11899 7
504 11923 6
505 11932 16
506 12070 2
507 12081 11
508 12305 6
509 12324 2
510 12371 2
511 12429 19
512 12457 14
513 12473 7
514 12491 4
515 12537 3
516 12569 1
517 12587 3
518 12633 2
519 12651 3
520 12703 16
521 12788 3
522 12824 23
523 12857 30
524 12924 12
525 12929 7
526 12950 7
527 12983 20
528 13050 7
