1 29 41
2 54 16
3 71 32
4 113 16
5 131 4
6 165 6
7 193 8
8 256 8
9 313 5
10 339 7
11 348 11
12 403 3
13 421 5
14 466 9
15 551 7
16 603 9
17 650 9
18 650 9
19 650 9
20 765 11
21 814 33
22 825 9
23 825 9
24 876 14
25 899 12
26 927 3
27 973 7
28 989 15
29 1018 4
30 1043 15
31 1101 8
32 1111 11
33 1125 6
34 1189 7
35 1226 10
36 1283 11
37 1300 12
38 1371 13
39 1387 7
40 1448 12
41 1511 82
42 1523 9
43 1523 9
44 1610 7
45 1632 11
46 1726 12
47 1794 14
48 1855 9
49 1916 8
50 1976 13
51 2064 18
52 2100 7
53 2154 10
54 2189 13
55 2253 9
56 2265 10
57 2295 4
58 2321 3
59 2321 3
60 2375 3
61 2439 8
62 2439 8
63 2451 8
64 2562 4
65 2627 7
66 2659 9
67 2659 9
68 2793 16
69 2852 7
70 2876 13
71 2937 10
72 2969 4
73 2999 5
74 3005 7
75 3097 9
76 3140 15
77 3202 18
78 3258 11
79 3311 7
80 3362 10
81 3383 9
82 3383 9
83 3416 37
84 3433 20
85 3462 3
86 3486 9
87 3509 12
88 3578 11
89 3613 7
90 3649 11