1 0 2
2 25 6
3 32 19
4 74 52
5 91 35
6 170 2
7 184 55
8 204 10
9 240 21
10 288 3
11 315 10
12 315 44
13 326 33
14 375 10
15 411 9
16 438 2
17 465 10
18 499 14
19 517 2
20 541 10
21 583 66
22 593 44
23 593 10
24 604 33
25 697 11
26 715 2
27 733 6
28 792 6
29 815 3
30 820 2
31 886 3
32 908 4
33 938 3
34 944 10
35 968 2
36 996 2
37 1006 6
38 1045 68
39 1058 17
40 1090 2
41 1116 12
42 1138 14
43 1167 10
44 1178 30
45 1229 5
46 1262 10
47 1293 2
48 1298 6
49 1327 10
50 1382 2
51 1400 6
52 1427 3
53 1447 6
54 1486 3
55 1511 8
56 1548 2
57 1553 3
58 1564 3
59 1571 55
60 1582 13
61 1618 8
62 1628 7
63 1689 10
64 1721 3
65 1872 11
66 1970 2
67 1988 3
68 2008 6
69 2022 10
70 2088 3
71 2144 11
72 2166 9
73 2185 2
74 2204 11
75 2231 6
76 2285 10
77 2305 3
78 2330 11
79 2397 10
80 2443 26
81 2463 6
82 2471 14
83 2504 4
84 2532 3
85 2575 6
86 2668 6
87 2677 10
88 2780 3
89 2861 6
