1 21 33
2 48 6
3 62 14
4 74 2
5 101 14
6 231 37
7 235 33
8 262 6
9 305 31
10 358 5
11 368 4
12 392 23
13 446 45
14 470 21
15 507 2
16 540 32
17 570 2
18 629 3
19 658 10
20 658 22
21 682 14
22 699 2
23 714 18
24 835 11
25 869 3
26 895 16
27 966 14
28 982 6
29 990 10
30 1003 6
31 1011 68
32 1082 6
33 1090 92
34 1185 6
35 1193 63
36 1259 6
37 1267 9
38 1295 6
39 1348 14
40 1463 14
41 1615 13
42 1626 2
43 1631 29
44 1645 2
45 1684 98
46 1724 14
47 1760 6
48 1784 27
49 1797 14
50 1814 6
51 1855 21
52 1894 2
53 1897 14
54 1992 14
55 2064 2
56 2076 10
57 2102 18
