1 0 6
2 9 8
3 11 6
4 30 5
5 36 63
6 59 7
7 117 6
8 141 26
9 170 67
10 209 28
11 222 15
12 231 6
13 269 12
14 383 6
15 391 7
16 415 121
17 444 92
18 444 143
19 457 14
20 557 4
21 581 6
22 599 10
23 611 13
24 637 14
25 655 25
26 663 17
27 688 15
28 709 17
29 729 2
30 745 4
31 808 16
32 817 7
33 848 18
34 869 9
35 943 3
36 968 55
37 996 13
38 1007 2
39 1042 29
40 1052 6
41 1094 17
42 1133 16
43 1160 4
44 1195 7
45 1243 23
46 1277 14
47 1303 31
48 1358 20
49 1381 18
50 1436 12
51 1593 7
52 1627 7
53 1680 18
54 1700 17
55 1764 6
56 1771 9
57 1811 7
58 1826 5
59 1859 15
60 1876 3
61 1880 2
62 1902 61
63 1965 19
64 2051 6
65 2085 2
66 2113 3
67 2130 6
68 2138 3
69 2182 7
70 2247 6
71 2307 14
72 2345 3
73 2371 65
74 2376 46
75 2462 7
76 2495 3
77 2553 50
78 2585 6
