1 0 13
2 33 6
3 55 13
4 88 37
5 88 6
6 112 13
7 145 31
8 204 20
9 216 8
10 254 31
11 254 14
12 272 13
13 305 16
14 361 10
15 394 5
16 488 8
17 510 19
18 571 31
19 632 3
20 655 7
21 664 4
22 682 2
23 744 20
24 756 8
25 780 17
26 780 10
27 824 6
28 893 6
29 911 20
30 925 6
31 1061 4
32 1081 17
33 1104 70
34 1183 3
35 1198 2
36 1228 7
37 1250 17
38 1259 8
39 1336 6
40 1454 4
41 1496 61
42 1496 15
43 1512 14
44 1540 17
45 1568 5
46 1604 2
47 1735 17
48 1747 5
49 1777 5
50 1837 34
51 1849 5
52 1986 31
