1 0 8
2 19 8
3 54 36
4 60 30
5 110 40
6 114 36
7 127 23
8 154 19
9 162 11
10 167 6
11 221 52
12 227 30
13 299 34
14 312 6
15 385 2
16 449 3
17 453 9
18 465 7
19 492 40
20 496 36
21 509 23
22 536 19
23 544 11
24 549 6
25 602 2
26 635 40
27 687 3
28 711 4
29 761 19
30 769 11
31 774 6
32 782 13
33 783 12
34 842 2
35 847 8
36 905 16
37 933 6
38 942 6
39 1022 6
40 1107 33
41 1134 6
42 1193 6
43 1224 3
44 1238 2
45 1262 2
46 1267 23
47 1330 9
48 1343 6
49 1374 76
50 1402 6
51 1491 6
52 1499 2
53 1512 32
54 1521 23
55 1555 13
56 1580 8
57 1609 15
58 1634 6
59 1641 45
60 1663 23
61 1715 64
62 1721 41
63 1756 6
64 1781 13
65 1796 17
66 1815 16
67 1833 15
