1 0 17
2 99 17
3 157 13
4 182 9
5 192 3
6 273 8
7 285 17
8 464 28
9 495 25
10 568 22
11 602 11
12 628 17
13 653 11
14 760 19
15 822 9
16 859 3
17 877 17
18 923 7
19 1070 14
20 1087 17
21 1108 8
22 1164 16
23 1172 8
24 1189 6
25 1207 10
26 1221 3
27 1314 10
28 1426 9
29 1532 17
30 1532 16
31 1883 7
32 2156 17
33 2334 17
34 2334 16
35 2355 17
36 2375 17
37 2509 9
38 2645 17
39 2773 6
40 3086 102
41 3094 15
42 3132 14
43 3157 14
44 3194 42
45 3204 15
46 3346 7
47 3413 34
48 3449 34
49 3486 26
50 3579 8
51 3615 29
52 3780 9
53 3928 15
54 4004 5
55 4027 10
56 4081 6
57 4217 7
58 4227 7
59 4244 20
60 4299 8
61 4334 7
62 4357 2
63 4493 17
64 4511 7
65 4533 17
66 4850 2
67 4868 5
68 4888 2
69 4972 5
70 4978 2
71 5011 9
72 5085 2
73 5200 9
74 5273 7
75 5329 27
76 5339 17
77 5460 8
78 5482 83
79 5538 19
80 5550 7
81 5581 2
