1 0 24
2 26 24
3 88 30
4 103 15
5 120 42
6 134 28
7 230 14
8 256 16
9 319 17
10 338 17
11 483 8
12 512 5
13 557 17
14 581 28
15 611 7
16 662 8
17 696 7
18 804 26
19 812 18
20 853 23
21 860 16
22 921 30
23 987 50
24 991 16
25 1030 7
26 1047 35
27 1125 24
28 1161 36
29 1246 31
30 1294 32
31 1354 31
32 1397 34
33 1434 42
34 1444 32
35 1477 11
36 1543 14
37 1584 30
38 1591 23
39 1634 14
40 1642 6
41 1664 11
42 1714 7
43 1723 46
44 1778 73
45 1828 23
46 1867 11
47 1888 52
48 1942 25
49 2007 23
50 2033 27
51 2044 16
52 2062 22
53 2104 18
54 2104 41
55 2133 12
56 2156 15
57 2174 18
58 2200 15
59 2223 41
60 2249 15
61 2273 18
62 2292 25
63 2338 19
64 2368 33
65 2424 22
66 2480 22
67 2527 26
68 2612 66
69 2612 27
70 2652 26
71 2694 7
72 2703 2
73 2789 34
74 2839 46
75 2901 24
76 2908 17
77 2953 36
78 2982 7
79 3004 16
80 3063 30
81 3086 7
82 3095 3
83 3137 31
84 3201 48
85 3251 37
86 3281 7
87 3322 31
88 3369 26
89 3397 15
90 3422 33
91 3457 3
92 3481 40
93 3529 31
94 3608 23
95 3645 25
96 3686 10
97 3694 2
98 3698 17
99 3706 9
100 3752 16
101 3771 22
102 3795 15
103 3813 31
104 3874 17
105 3893 27
106 3923 23
107 3961 15
108 3980 14
109 3997 15
110 4019 14
111 4049 13
112 4049 5
113 4064 28
114 4116 18
115 4177 14
116 4205 36
117 4243 28
118 4291 50
119 4291 19
120 4343 28
121 4356 15
122 4381 35
123 4384 12
124 4398 18
125 4435 9
126 4483 16
127 4516 18
128 4525 9
129 4557 31
130 4590 9
131 4625 9
132 4673 31
133 4706 13
134 4759 3
135 4779 48
136 4837 35
137 4879 3
138 4899 49
139 4950 20
140 5026 33
141 5062 23
142 5175 9
143 5206 14
144 5210 10
145 5234 21
146 5269 18
147 5304 30
148 5335 8
149 5364 16
150 5405 21
151 5454 17
152 5481 7
153 5530 16
