1 53 19
2 81 23
3 139 2
4 208 9
5 302 3
6 329 3
7 352 2
8 396 43
9 507 3
10 595 3
11 676 3
12 769 2
13 781 7
14 793 12
15 815 2
16 825 3
17 832 16
18 858 8
19 867 2
20 883 4
21 999 9
22 1023 12
23 1043 2
24 1083 2
25 1104 11
26 1138 3
27 1166 2
28 1169 3
29 1192 3
30 1236 9
31 1259 3
32 1375 9
33 1411 3
34 1425 14
35 1472 3
36 1489 2
37 1540 2
38 1604 3
39 1634 5
40 1642 31
41 1677 15
42 1693 3
43 1750 2
44 1775 19
45 1815 5
46 1815 58
47 1882 2
48 1904 13
49 1926 24
50 1958 7
51 1966 2
52 1982 14
53 1998 38
54 2045 3
55 2057 14
56 2074 1
57 2089 3
58 2093 9
59 2269 6
60 2580 35
61 2593 22
62 2618 22
63 2766 10
64 2823 11
65 2879 8
66 2899 6
67 2932 4
68 2938 39
69 3145 19
70 3220 3
71 3332 7
72 3477 4
73 3509 6
74 3523 79
75 3617 3
76 3734 4
77 3784 3
78 3809 4
79 3933 7
80 3967 2
81 4093 19
82 4135 13
83 4154 3
84 4222 1
85 4243 4
86 4289 6
87 4313 3
88 4349 8
89 4372 12
90 4426 1
91 4450 3
92 4468 4
93 4528 5
94 4558 4
95 4582 2
96 4734 6
97 4812 2
98 4830 36
99 4872 8
100 4928 8
101 4952 14
102 5027 6
103 5113 12
104 5286 47
105 5609 14
106 5652 15
107 5855 12
108 5983 12
109 6340 2
110 6368 2
111 6425 1
112 6444 19
113 6503 12
114 6536 12
115 6602 3
116 6750 24
117 6776 6
118 6834 15
119 6853 3
120 6918 12
121 6938 2
122 7096 16
123 7166 6
124 7390 6
125 7412 4
126 7563 2
127 7591 20
128 7673 6
129 7682 3
130 7761 20
131 7833 3
132 7952 45
133 8021 2
134 8172 22
135 8179 15
136 8415 5
137 8486 24
138 8631 20
139 8680 23
140 8692 11
141 8743 18
142 8779 6
143 8787 8
144 8831 15
145 8867 20
146 8966 14
147 8992 3
148 9052 22
149 9114 11
150 9128 6
151 9286 1
152 9298 23
153 9323 3
154 9373 3
155 9405 2
156 9455 18
157 9596 5
158 9640 4
159 9722 29
160 9729 22
161 9765 2
162 9790 1
163 9827 4
164 9834 4
165 9834 11
166 9864 4
167 10039 20
168 10079 5
169 10092 3
170 10190 2
171 10268 5
172 10292 3
173 10627 21
174 10693 2
175 10796 7
176 10830 21
177 10863 15
178 10872 6
179 10898 3
180 10910 2
181 10955 6
182 10967 3
183 11163 3
184 11201 2
185 11271 14
186 11307 46
187 11431 15
188 11477 3
189 11509 4
190 11544 1
191 11578 25
192 11615 6
193 11632 2
194 11646 3
195 11772 7
196 11786 3
197 11847 2
198 11888 15
199 11918 6
200 11960 6
201 12026 15
202 12068 1
203 12115 6
204 12156 4
205 12201 1
206 12278 20
207 12278 3
208 12319 5
209 12332 1
210 12345 8
211 12382 4
212 12404 51
213 12441 14
214 12459 3
215 12550 2
216 12565 6
217 12644 3
218 12753 6
219 12826 5
220 12997 24
221 13035 4
222 13085 4
223 13135 12
224 13161 8
225 13189 12
226 13269 6
227 13288 5
228 13325 3
229 13338 28
230 13368 2
231 13503 4
232 13508 35
233 13532 2
234 13557 3
235 13586 17
236 13657 3
237 13763 1
238 13795 7
239 13845 4
240 13857 2
241 13891 3
242 13902 4
243 13908 11
244 13922 5
245 13938 4
246 13981 2
247 13993 6
248 14001 5
249 14026 6
250 14071 2
251 14085 11
252 14102 19
253 14124 7
254 14167 15
255 14189 3
256 14212 3
257 14221 1
258 14225 3
259 14245 19
260 14305 4
261 14318 2
262 14436 1
263 14508 4
264 14555 3
265 14566 2
266 14614 4
267 14647 4
268 14687 24
269 14724 22
270 14781 6
271 14821 11
272 14834 2
273 14955 6
274 15020 20
275 15032 8
276 15050 3
277 15054 28
278 15105 5
279 15149 3
280 15193 7
281 15230 2
282 15300 33
283 15448 1
284 15454 92
285 15482 3
286 15548 3
287 15586 3
288 15600 7
289 15618 13
290 15686 4
291 15719 1
292 15749 20
293 15779 2
294 15813 1
295 15834 4
296 15931 24
297 15962 29
298 15995 19
299 16036 23
300 16062 5
301 16098 3