1 70 2
2 79 110
3 147 8
4 159 30
5 159 2
6 171 18
7 413 24
8 426 11
9 455 4
10 460 31
11 479 12
12 494 113
13 502 105
14 528 79
15 574 33
16 602 5
17 645 12
18 672 18
19 725 63
20 739 7
21 749 3
22 749 10
23 762 26
24 771 17
25 795 122
26 819 3
27 819 16
28 836 81
29 860 11
30 873 2
31 879 16
32 1020 15
33 1030 5
34 1065 19
35 1092 2
36 1147 23
37 1354 8
38 1396 3
39 1418 107
40 1470 21
41 1527 2
42 1571 34
43 1581 24
44 1633 6
45 1666 3
46 1678 38
47 1692 24
48 1698 9
49 1721 7
50 1729 9
51 1778 17
52 1904 83
53 1980 7
54 2013 2
55 2183 15
56 2243 42
57 2288 25
58 2476 3
59 2742 13
60 2908 97
61 2945 20
62 2968 8
63 3057 3
64 3061 13
65 3147 30
66 3227 20
67 3236 11
68 3273 10
69 3341 5
70 3638 28
71 3721 9
72 3721 2
73 3876 14
74 3882 7
75 3966 4
76 4053 10
77 4076 8
78 4197 6
79 4215 24
80 4223 16
81 4406 19
82 4415 10
83 4521 3
84 4526 13
85 4526 4