1 14 7
2 22 7
3 32 12
4 198 4
5 224 4
6 302 12
7 318 7
8 388 4
9 705 4
10 852 7
11 898 22
12 908 12
13 922 28
14 961 9
15 1137 12
16 1161 11
17 1178 2
18 1245 6
19 1265 18
20 1286 6
21 1364 2
22 1439 10
23 1767 14
24 2019 8
25 2172 7
26 2245 9
27 2556 8
28 2592 8
29 2602 18
30 2624 5
31 2741 8
32 2822 9
33 2866 4
34 3054 11
35 3067 11
36 3164 5
37 3181 7
38 3381 14
39 3414 3
40 3437 4
41 3449 16
42 3457 8
43 3499 31
44 3532 34
45 3782 9
46 3820 7
47 3920 9
48 3945 9
49 3963 2
50 3972 2
51 3981 7
52 4007 6
53 4191 7
54 4298 9
55 4322 9
56 4341 20
57 4371 7
58 4420 3
59 4479 13
60 4590 4
61 4616 4
62 4695 12
63 4711 7
64 4769 7
65 4805 2
66 4851 8
67 4861 14
68 4878 8
69 4888 8
70 4899 4
71 4931 9
72 4948 18
73 4968 3
74 5183 2
75 5197 8
76 5226 3
77 5309 19
78 5320 8
79 5392 3
80 5675 13
81 5716 9
82 5917 17
83 5945 18
84 5954 9
85 6234 2
86 6253 3
87 6293 2
88 6306 14
89 6323 14
90 6328 9
91 6367 3
92 6433 3
93 6503 7
94 6625 3
95 6646 9
96 6676 16
97 6686 6
98 6694 3
99 6809 9
100 6857 5
101 6869 14
102 6887 8
103 6907 13
104 6998 7
105 7015 7
106 7039 2
107 7052 13
108 7097 5
109 7517 19
110 7554 3
111 7724 9
112 7962 8
