1 0 16
2 28 9
3 38 5
4 59 9
5 87 18
6 114 2
7 161 18
8 315 10
9 377 9
10 400 9
11 453 5
12 470 5
13 501 9
14 664 5
15 705 8
16 855 10
17 906 9
18 950 5
19 991 10
20 1003 7
21 1030 8
22 1080 18
23 1131 10
24 1200 9
25 1221 5
26 1337 13
27 1378 5
28 1396 9
29 1456 5
30 1485 5
31 1507 8
32 1556 6
33 1581 9
34 1630 10
35 1641 5
36 1654 2
37 1808 9
38 1834 3
39 1870 14
40 1949 10
41 2009 9
42 2048 16
43 2071 29
44 2104 8
45 2114 15
46 2141 11
47 2200 10
48 2217 6
49 2343 10
50 2362 4
51 2418 9
52 2418 15
53 2435 26
54 2441 6
55 2480 4
56 2536 27
57 2553 10
58 2568 21
59 2609 4
60 2666 5
61 2726 5
62 2750 3
63 2768 2
64 2805 13
65 2827 8
66 2848 5
67 2976 23
68 3024 6
69 3032 7
70 3056 15
71 3074 25
72 3103 6
73 3120 8
74 3130 3
75 3162 27
76 3179 10
77 3205 6
78 3222 5
79 3290 8
80 3324 6
81 3359 6
82 3377 4
83 3518 9
84 3591 9
85 3626 9
86 3651 3
87 3667 6
88 3696 3
89 3728 18
90 3765 6
91 3812 14
92 3871 16
93 3890 6
94 3920 60
95 3982 22
96 4022 6
97 4034 25
98 4061 2
99 4084 27
100 4101 10
101 4130 3
102 4134 21
103 4169 5
104 4200 10
105 4226 10
106 4360 12
107 4387 27
108 4396 18
109 4416 7
110 4457 18
111 4477 5
112 4502 12
113 4520 5
114 4528 46
115 4544 10
116 4578 6
117 4603 18
118 4625 2
119 4649 10
120 4681 49
121 4732 5
122 4801 10
123 4835 13
124 4892 9
125 4909 6
126 5010 18
127 5061 10
128 5130 5
129 5193 33
130 5198 13
131 5228 35
132 5266 17
133 5314 24
134 5355 16
135 5443 11
136 5486 4
137 5507 64
138 5632 58
139 5669 21
140 5693 29
141 5705 17
142 5725 24
143 5725 12
144 5738 11
145 5770 19
146 5794 4
147 5828 9
148 5852 20
149 5908 23
150 5956 6
151 6110 5
152 6185 26
153 6298 10
154 6311 9
155 6354 9
156 6374 16
157 6458 12
158 6473 11
159 6504 12
160 6586 19
161 6662 12
162 6738 6
163 6760 12
164 6787 3
165 6800 12
166 6826 38
167 6844 20
168 6878 8
169 6892 37
170 6899 12
171 6931 7
172 6946 6
173 6982 12
174 7023 12
175 7039 13
176 7109 18
177 7201 16
178 7241 9
179 7437 6
180 7494 11
181 7560 3
182 7610 3
183 7646 17
184 7672 8
185 7723 12
186 7738 11
187 7790 13
188 7806 6
189 7831 3
190 7897 9
191 7911 11
192 7943 28
193 7974 7
194 8003 16
195 8029 12
196 8056 30
197 8062 6
198 8126 5
199 8201 10
200 8214 8
201 8232 2
202 8254 11
203 8303 6
204 8322 18
205 8328 12
206 8344 14
207 8362 8
208 8396 19
209 8417 13
210 8433 7
211 8473 31
212 8489 7
213 8584 5
214 8613 14
215 8647 3
216 8659 6
217 8728 8
218 8792 6
219 8892 10
220 8920 8
221 9038 2
222 9106 17
223 9126 9
224 9146 18
225 9175 2
226 9191 31
227 9191 5
228 9197 25
229 9224 18
230 9245 22
231 9259 8
232 9335 2
233 9409 9
234 9444 21
235 9484 3
236 9512 39
237 9560 19
238 9596 18
239 9637 2
240 9740 11
241 9778 5
242 9842 2
243 9855 14
244 9871 7
245 9899 28
246 9917 10
247 9930 8
248 9954 5
249 9962 4
250 10015 14
251 10041 15
252 10092 11
253 10155 16
254 10239 40
255 10249 15
256 10281 2
257 10318 10
258 10330 5
259 10366 14
260 10444 11
261 10459 14
262 10474 9
263 10584 15
264 10601 7
265 10670 17
266 10730 9
267 10799 15
268 10818 19
269 10848 8
270 10914 6
271 10945 9
272 11067 10
273 11109 8
274 11129 7
275 11170 6
276 11214 46
277 11279 13
278 11299 2
279 11356 4
280 11362 8
281 11382 4
282 11403 5
283 11451 19
284 11476 5
285 11506 16
286 11565 10
287 11713 10
288 11890 6
289 11958 3
290 11972 5
291 12060 2
292 12079 30
293 12090 19
294 12122 9
295 12132 15
296 12141 6
297 12250 2
298 12291 17
299 12322 4
