1 0 10
2 0 10
3 41 11
4 55 23
5 118 18
6 165 11
7 189 31
8 210 10
9 210 10
10 210 10
11 221 46
12 301 19
13 323 16
14 385 24
15 420 69
16 722 2
17 736 65
18 890 16
19 896 10
20 950 4
21 1033 28
22 1083 10
23 1083 10
24 1083 10
25 1083 10
26 1083 10
27 1116 13
28 1194 22
29 1220 16
30 1435 213
31 1495 14
32 1550 20
33 1584 30
34 1678 3
35 1743 16
36 1777 4
37 1786 4
38 1811 32
39 1863 15
40 1881 14
41 1900 18
42 1929 21
43 1957 16
44 2021 16
45 2040 7
46 2064 20
47 2087 16
48 2122 2
49 2219 16
50 2263 8
51 2289 3
52 2353 4
53 2360 18
54 2433 5
55 2441 1
56 2460 16
57 2472 4
58 2556 4
59 2582 1
60 2631 2
61 2663 13
62 2738 5
63 2762 4
64 2789 28
65 2801 3
66 2917 18
67 2938 16
68 3013 29
69 3045 7
70 3083 7
71 3109 3
72 3138 5
73 3351 18
74 3416 41
75 3584 12
76 3597 15
77 3597 15
78 3684 13
79 3698 12
80 3875 7
81 3942 19
82 3982 3
83 4038 13
84 4038 13
85 4038 13
86 4075 3
87 4122 15
88 4133 4
89 4152 6
90 4161 2
91 4179 3
92 4198 3
93 4314 6
94 4327 6
95 4375 5
96 4408 2
97 4424 32
98 4631 2
99 4833 2
100 4857 4
101 4981 6
102 5006 12
103 5059 3
104 5089 5
105 5131 3
106 5206 6
107 5297 6
108 5449 4
109 5497 10