1 0 13
2 55 17
3 97 12
4 187 6
5 216 8
6 300 16
7 300 27
8 341 9
9 353 7
10 376 3
11 382 5
12 399 11
13 426 10
14 437 7
15 494 21
16 579 11
17 595 5
18 612 5
19 721 11
20 748 8
21 770 6
22 840 12
23 931 4
24 1005 32
25 1052 18
26 1153 17
27 1233 6
28 1270 21
29 1276 15
30 1294 25
31 1299 4
32 1307 12
33 1377 19
34 1512 3
35 1516 15
36 1523 8
37 1557 26
38 1631 26
39 1665 11
40 1691 7
41 1704 9
42 1718 8
43 1730 4
44 1836 28
45 1876 3
46 1919 9
47 1930 7
48 1939 11
49 1953 12
50 2046 39
51 2052 12
52 2074 10
53 2088 11
54 2111 8
55 2140 14
56 2155 13
57 2225 24
58 2262 5
59 2335 3
60 2363 8
61 2503 11
62 2760 21
63 2788 2
64 2873 12
65 2963 25
66 3070 12
67 3302 65
68 3303 31
69 3309 17
70 3370 22
71 3400 32
72 3435 10
73 3481 36
74 3505 12
75 3521 25
76 3528 10
77 3549 2
78 3633 10
79 3672 7
80 3696 3
81 3848 36
82 3939 12
83 3939 32
84 3986 11
85 4028 2
86 4033 2
87 4033 19
88 4067 12
89 4067 20
90 4156 20
91 4255 5
92 4341 16
93 4377 2
94 4395 11
95 4418 3
96 4441 31
97 4450 22
98 4487 4
99 4570 25
100 4747 17
101 4768 27
102 4852 8
103 4946 5
104 4953 7
105 4961 12
106 4990 26
107 5145 16
108 5174 5
109 5208 9
110 5230 3
111 5345 9
112 5355 12
113 5421 8
114 5432 17
115 5453 8
116 5470 34
117 5558 17
118 5564 11
119 5643 7
120 5654 17
121 5784 9
122 5784 34
123 5800 18
124 5910 5
125 5927 12
126 5931 8
127 5951 4
128 5957 3
129 5992 4
130 6058 13
131 6081 6
132 6094 19
133 6147 28
134 6221 6
135 6221 14
136 6238 32
137 6277 25
138 6304 7
139 6438 11
140 6503 3
141 6699 35
142 6746 23
143 6786 2
144 6820 41
145 6863 12
146 6957 14
147 6963 8
148 6992 3
149 7051 3
150 7171 18
151 7224 19
152 7278 11
153 7343 2
154 7359 4
155 7367 12
156 7390 2
157 7548 26
158 7568 6
159 7637 12
160 7738 11
161 7818 6
162 7862 19
163 7871 10
164 7885 6
165 7896 9
166 7948 19
