1 33 3
2 166 10
3 173 3
4 229 3
5 299 9
6 357 3
7 414 3
8 577 18
9 587 8
10 635 11
11 671 22
12 723 3
13 758 2
14 1381 22
15 1415 3
16 1578 4
17 1601 4
18 1627 4
19 1643 2
20 1730 12
21 1778 188
22 1984 3
23 2009 42
24 2352 4
25 2382 3
26 2429 3
27 2871 8
28 3031 3
29 3358 9
30 3556 22
31 3645 23
32 3729 4
33 3822 3
34 3919 79
35 4014 16
36 4127 1
37 4262 15
38 4329 12
39 4706 13
40 4744 3
41 4868 10
42 4913 12
43 4926 13
44 5010 21
45 5040 1
46 5081 123
47 5104 5
48 5211 4
49 5248 156
50 5407 1
51 5420 8
52 5441 2
53 5444 4
54 5504 1
55 5520 36
56 5520 16
57 5575 4
58 5663 28
59 5722 1
60 5785 35
61 5869 3
62 5901 2
63 5940 3
64 5946 8
65 5977 23
66 6052 3
67 6057 1
68 6112 3
69 6119 3
70 6144 3
71 6167 1
72 6180 3
73 6184 8
74 6202 8
75 6220 5
76 6277 3
77 6297 9
78 6340 16
79 6412 7
80 6444 4
81 6466 1
82 6470 3
83 6520 1
84 6545 23
85 6557 4
86 6557 11
87 6641 8
88 6641 3
89 6713 7
90 6725 4
91 6732 1
92 6754 4
93 6795 2
94 6854 1
95 6887 3
96 6922 4
97 6929 11
98 6967 21
99 7036 3
100 7049 16
101 7108 1
102 7157 8
103 7333 6
104 7442 1
105 7514 2
106 7540 3
107 7572 1
108 7769 5
109 7836 4
110 8086 21
111 8110 3
112 8206 1
113 8217 4
114 8229 6
115 8321 3
116 8350 3
117 8362 3
