1 0 4
2 47 5
3 47 12
4 53 6
5 72 12
6 80 4
7 86 16
8 125 20
9 150 11
10 228 5
11 234 6
12 256 8
13 370 7
14 403 22
15 411 14
16 505 17
17 516 6
18 560 25
19 566 19
20 587 45
21 599 33
22 620 3
23 626 6
24 642 4
25 685 10
26 709 7
27 731 17
28 760 91
29 773 61
30 864 3
31 930 3
32 939 17
33 1027 3
34 1039 2
35 1050 17
36 1071 3
37 1102 3
38 1106 3
39 1173 36
40 1179 30
41 1211 2
42 1261 9
43 1282 7
44 1330 18
45 1361 3
46 1423 20
47 1448 11
48 1526 5
49 1532 6
50 1574 2
51 1603 2
52 1626 25
53 1633 3
54 1725 31
55 1740 16
56 1851 10
57 1858 3
58 1921 6
59 1939 2
60 1982 46
61 1991 24
62 2008 7
63 2048 28
64 2175 19
65 2186 8
66 2258 2
67 2501 6
68 2512 4
69 2537 73
70 2549 33
71 2570 3
72 2576 6
73 2703 7
74 2768 19
75 2797 7
76 2928 35
77 2934 3
78 2941 7
79 2965 8
80 3049 3
81 3055 8
82 3224 16
83 3233 7
84 3243 66
85 3259 28
86 3290 19
87 3378 7
88 3540 8
