1 2 7
2 51 13
3 116 21
4 180 25
5 274 7
6 307 7
7 364 14
8 372 6
9 403 3
10 431 51
11 452 30
12 486 45
13 494 37
14 502 19
15 576 27
16 598 5
17 618 33
18 647 4
19 672 7
20 681 10
21 693 13
22 714 85
23 777 22
24 901 28
25 927 2
26 1263 18
27 1327 4
28 1352 7
29 1402 11
30 1454 14
31 1463 5
32 1475 3
33 1492 12
34 1506 7
35 1568 19
36 1706 2
37 1848 7
38 1858 1
39 1930 5
40 1944 3
41 1996 5
42 2039 4
43 2047 49
44 2080 16
45 2146 3
46 2197 24
47 2300 10
48 2317 3
49 2438 25
50 2464 36
51 2464 11
52 2476 24
53 2523 16
54 2567 16
55 2585 88
56 2635 3
57 2654 19
58 2825 7
59 2855 7
60 2913 20
61 2991 8
62 3001 2
63 3238 7
64 3260 3
65 3266 8
66 3303 14
67 3389 8
68 3417 19
69 3431 5
70 3450 3
71 3546 26
72 3553 19
73 3639 16
74 3668 35
75 3685 2
76 3706 6
77 3735 3
78 3752 8
79 3764 4
80 3788 2
81 3861 5
82 3884 8
83 3984 49
84 4049 7
85 4167 18
86 4187 14
87 4197 4
88 4214 8
89 4256 6
90 4263 5
91 4337 2
92 4349 5
93 4461 6
94 4493 16
95 4539 20
