1 0 24
2 26 24
3 103 15
4 120 42
5 230 14
6 256 16
7 319 17
8 338 17
9 483 8
10 512 5
11 557 17
12 581 28
13 611 7
14 662 8
15 696 7
16 804 26
17 812 18
18 812 18
19 860 16
20 921 30
21 991 16
22 1030 7
23 1047 35
24 1125 24
25 1161 36
26 1246 31
27 1294 32
28 1354 31
29 1397 34
30 1434 42
31 1444 32
32 1477 11
33 1543 14
34 1591 23
35 1634 14
36 1664 11
37 1714 7
38 1723 46
39 1778 73
40 1828 23
41 1867 11
42 1888 52
43 1942 25
44 2007 23
45 2033 27
46 2044 16
47 2062 22
48 2104 41
49 2133 12
50 2156 15
51 2174 18
52 2200 15
53 2249 15
54 2273 18
55 2292 25
56 2338 19
57 2368 33
58 2424 22
59 2480 22
60 2527 26
61 2612 27
62 2652 26
63 2694 7
64 2703 2
65 2789 34
66 2839 46
67 2901 24
68 2953 36
69 2982 7
70 3004 16
71 3063 30
72 3086 7
73 3095 3
74 3137 31
75 3201 48
76 3251 37
77 3322 31
78 3369 26
79 3422 33
80 3457 3
81 3481 40
82 3529 31
83 3608 23
84 3645 25
85 3686 10
86 3694 2
87 3698 17
88 3706 9
89 3752 16
90 3771 22
91 3795 15
92 3813 31
93 3874 17
94 3893 27
95 3923 23
96 3961 15
97 3980 14
98 3997 15
99 4019 14
100 4049 13
101 4064 28
102 4116 18
103 4177 14
104 4205 36
105 4243 28
106 4291 19
107 4343 28
108 4356 15
109 4381 35
110 4384 12
111 4398 18
112 4435 9
113 4483 16
114 4516 18
115 4525 9
116 4557 31
117 4590 9
118 4625 9
119 4673 31
120 4706 13
121 4759 3
122 4779 48
123 4837 35
124 4879 3
125 4899 49
126 4950 20
127 5026 33
128 5062 23
129 5175 9
130 5206 14
131 5210 10
132 5234 21
133 5269 18
134 5304 30
135 5335 8
136 5364 16
137 5405 21
138 5454 17
139 5530 16