1 34 4
2 93 14
3 158 4
4 220 10
5 220 18
6 284 10
7 297 22
8 423 14
9 429 8
10 519 16
11 539 20
12 572 9
13 630 7
14 641 3
15 689 2
16 709 3
17 777 2
18 800 8
19 811 8
20 873 2
21 914 1
22 929 8
23 1011 2
24 1021 4
25 1064 41
26 1080 8
27 1108 8
28 1215 2
29 1257 8
30 1267 15
31 1267 3
32 1326 2
33 1347 3
34 1433 8
35 1502 6
36 1583 7
37 1605 4
38 1728 10
39 1767 10
40 1789 2
41 1839 25
42 1903 6
43 1949 3
44 2001 8
45 2025 21
46 2030 16
47 2059 3
48 2059 7
49 2084 4
50 2091 1
51 2109 5
52 2123 1
53 2207 4
54 2212 3
55 2227 2
56 2264 1
57 2345 4
58 2352 3
59 2369 12
60 2427 7
61 2436 3
62 2466 5
