1 10 11
2 23 10
3 47 17
4 188 17
5 278 6
6 333 23
7 380 11
8 430 3
9 437 40
10 482 16
11 503 16
12 525 18
13 589 6
14 597 8
15 621 32
16 655 4
17 661 4
18 667 9
19 667 21
20 678 9
21 695 10
22 708 4
23 830 8
24 840 5
25 847 7
26 856 7
27 939 9
28 970 10
29 1023 17
30 1074 23
31 1110 5
32 1134 8
33 1152 23
34 1204 14
35 1334 16
36 1422 9
37 1486 17
38 1538 6
39 1558 11
40 1581 16
41 1620 17
42 1656 20
43 1666 10
44 1695 6
45 1704 33
46 1731 6
47 1754 16
48 1764 6
49 1785 6
50 1805 13
51 1820 13
52 1930 13
53 1954 21
54 1969 6
55 2088 19
56 2131 26
57 2151 6
58 2262 15
59 2345 25
60 2394 11
61 2446 6
62 2521 20
63 2531 10
64 2574 15
65 2596 10
66 2617 3
67 2639 9
68 2650 7
69 2660 4
70 2679 4
71 2691 15
72 2708 26
73 2741 4
74 2770 6
75 2860 11
76 2884 17
77 2893 8
78 2903 6
79 2922 6
80 2936 16
81 2946 6
82 3070 11
83 3084 8
84 3150 11
85 3196 6
86 3206 11
87 3251 16
88 3261 6
89 3275 9
90 3311 8
91 3321 5
92 3343 12
93 3419 11
94 3455 5
95 3561 3
96 3565 10
97 3604 9
98 3637 8
99 3660 11
100 3674 11
101 3720 6
102 3804 11
103 3872 9
104 3900 13
105 3962 6
106 3990 42
107 4040 11
108 4074 33
109 4109 2
110 4146 16
111 4165 9
112 4282 19
113 4323 9
114 4545 6
115 4609 11
116 4708 11
117 4778 21
118 4801 10
119 4813 19
120 4834 2
121 5015 18
122 5052 11
123 5151 9
124 5162 12
125 5177 6
126 5240 6
127 5337 2
128 5522 10
129 5648 9
130 5686 10
131 5909 6
132 6017 6
133 6282 20
134 6292 10
135 6353 26
136 6400 15
137 6418 9
138 6433 3
139 6575 3
140 6805 6
141 6933 11
142 6974 11
143 7171 28
144 7190 9
145 7211 6
146 7354 15
147 7361 8
148 8097 11
149 8179 6
150 8317 11
151 8534 37
152 8602 10
153 8786 11
154 8811 11
155 8938 11
156 9198 11
157 9219 13
158 9244 8
159 9580 4
160 9620 11
161 9833 6
162 9857 2
163 9857 10
164 9860 7
165 9870 12
166 9995 7
167 10177 7
