1 5 26
2 10 21
3 33 13
4 78 21
5 152 19
6 157 14
7 184 28
8 253 3
9 338 8
10 383 11
11 397 16
12 466 8
13 477 14
14 508 23
15 562 3
16 637 44
17 739 28
18 770 38
19 791 7
20 801 7
21 827 3
22 923 2
23 967 11
24 1033 7
25 1053 10
26 1155 19
27 1271 21
28 1296 3
29 1325 8
30 1352 2
31 1418 3
32 1470 15
33 1555 3
34 1768 9
35 1885 3
36 1986 9
37 2013 3
38 2087 2
39 2141 13
40 2205 7
41 2415 2
42 2467 2
43 2517 23
44 2563 2
45 2627 54
46 2709 3
47 2731 5
48 2746 21
49 2746 71
50 2771 7
51 2793 24
52 2851 3
53 2963 14
54 3150 9
55 3189 11
56 3329 26
57 3374 8
58 3392 2
59 3430 4
60 3526 2
61 3643 6
62 3683 5
63 3783 2
64 3829 5
65 3917 62
66 4008 4
67 4008 16
68 4091 18
69 4152 2
70 4209 24
71 4238 16
72 4287 6
73 4333 2
74 4412 16
75 4465 32
76 4579 2
77 4604 8
78 4617 7
79 4630 5
80 4663 28
81 4669 22
82 4805 4
83 4832 2
84 4851 20
85 4857 14
86 4884 24
87 4917 14
88 4968 35
89 5024 15
90 5048 9
91 5068 3
92 5142 15
93 5173 8
94 5212 2
95 5266 3
96 5330 22
97 5380 21
98 5405 6
99 5412 2
100 5456 6
101 5490 40
102 5512 18
103 5532 24
104 5540 16
105 5569 23
106 5607 3
107 5660 8
108 5684 20
109 5775 3
110 5842 5
111 5890 12
112 6196 27
113 6533 6
114 6673 7
115 6813 3
116 6826 32
117 6845 13
118 6850 8
119 6881 3
120 6932 26
121 6940 18
122 6950 8
123 6975 19
124 6988 6
125 7040 2
126 7081 16
127 7090 7
128 7181 2
129 7194 3
130 7237 14
131 7263 4
132 7298 5
133 7316 3
134 7324 2
135 7360 8
136 7424 41
137 7467 8
138 7502 12
139 7528 39
140 7560 7
141 7577 6
142 7590 18
143 7609 6
144 7669 3
145 7677 4
146 7731 5
147 7887 14
148 7924 5
149 7982 12
150 8041 19
151 8074 2
152 8114 40
153 8297 15
154 8332 13
155 8363 18
156 8397 43
157 8459 3
158 8549 10
159 8665 8
160 8689 18
161 8695 3
162 8695 12
163 8709 15
164 8727 8
165 8789 3
166 8831 3
167 8851 10
168 8879 8
169 8936 2
170 8961 11
171 9035 4
172 9095 3
173 9181 22
174 9205 12
175 9220 7
176 9234 3
177 9276 8
178 9326 2
179 9381 7
180 9422 2
181 9583 13
182 9602 2
183 9630 36
184 9659 7
185 9668 4
186 9704 8
187 9767 7
188 10010 6
189 10051 17
190 10082 2
191 10401 19
192 10472 6
193 10635 5
194 10704 8
195 10776 19
196 10809 57
197 10847 19
198 10868 2
199 10908 10
200 11096 3
201 11144 8
202 11195 2
203 11230 9
204 11290 8
205 11334 3
206 11369 13
207 11517 23
208 11573 9
209 11750 25
210 11832 23
211 11941 5
212 11961 7
213 12022 2
214 12410 22
215 12613 5
216 12711 6
217 12752 9
218 12768 5
219 12899 23
220 12999 36
221 12999 11
222 13136 2
223 13255 14
224 13309 5
225 13346 6
226 13354 4
227 13381 3
228 13403 14
229 13437 7
230 13481 20
231 13527 2
232 13580 5
233 13597 10
234 13788 8
235 13815 22
236 13843 2
237 13882 2
238 14009 8
239 14036 7
240 14155 13
241 14160 8
242 14214 5
243 14258 3
244 14499 5
245 14545 4
246 14595 5
247 14668 5
248 14688 5
249 14715 4
250 14756 8
251 14779 2
252 14811 3
253 14871 3
254 14913 3
255 14988 5
256 15016 19
257 15064 8
258 15092 3
259 15141 4
260 15171 6
261 15206 8
262 15222 2
263 15387 6
264 15415 2
265 15442 6
266 15493 6
267 15511 5
268 15535 9
269 15635 7
270 15644 5
271 15697 6
272 15720 4
273 15725 3
274 15786 6
275 15801 9
276 15914 46
277 15964 3
278 16009 5
279 16016 7
280 16048 10
281 16078 3
282 16233 8
283 16243 13
284 16252 4
285 16271 2
286 16303 19
287 16370 40
288 16440 8
289 16480 20
290 16513 7
291 16621 21
292 16654 10
293 16687 2
294 16709 29
295 16779 5
296 16809 3
297 16978 7
298 17063 8
299 17122 3
300 17245 30
301 17245 10
302 17267 8
303 17286 9
304 17313 13
305 17328 7
306 17435 35
307 17508 2
308 17508 11
309 17552 17
310 17597 23
311 17640 3
312 17644 13
313 17697 23
314 17737 36
315 17757 16
316 17877 14
317 17951 34
318 17977 8
319 18030 20
320 18058 15
321 18085 4
322 18098 8
323 18121 20
324 18129 2
325 18171 12
326 18227 2
327 18278 18
328 18518 9
329 18603 7
330 18625 4
331 18716 18
332 18759 5
333 18772 7
334 18805 4
335 18880 2
336 18949 9
337 18967 2
338 19021 33
339 19109 7
340 19154 2
341 19258 6
342 19294 12
343 19480 7
344 19529 2
345 19580 30
346 19617 3
347 19652 22
348 19688 4
349 19715 10
350 19759 2
351 19815 27
352 19871 10
353 19961 39
354 19988 5
355 20026 7
356 20036 29
357 20085 7
358 20094 17
359 20114 13
360 20162 10
361 20190 27
362 20244 12
363 20260 17
364 20330 26
365 20360 31
366 20394 3
367 20453 20
368 20477 13
369 20497 14
370 20559 20
371 20581 3
372 20592 28
373 20598 22
374 20634 2
375 20652 24
376 20750 9
377 20770 9
378 20839 20
379 20861 9
380 20930 15
381 20949 36
382 21029 10
383 21078 6
384 21096 8
385 21112 7
386 21193 26
387 21223 16
388 21325 10
389 21412 7
390 21499 12
391 21527 35
392 21592 12
393 21645 3
394 21747 18
395 21760 5
396 21844 6
397 21889 2
398 22105 6
399 22138 4
400 22211 29
401 22257 26
402 22286 26
403 22323 3
404 22475 12
405 22581 5
406 22772 14
407 22838 18
408 22879 3
409 22940 2
410 23034 24
411 23079 2
412 23144 18
413 23157 5
414 23240 40
415 23334 17
416 23384 23
417 23419 3
418 23461 4
419 23479 8
420 23518 2
421 23582 23
422 23607 13
423 23672 27
424 23700 28
425 23833 34
426 23868 2
427 23881 16
428 23902 3
429 23916 21
