1 0 17
2 14 3
3 19 17
4 19 6
5 33 3
6 89 57
7 89 9
8 89 29
9 128 7
10 138 8
11 166 6
12 190 19
13 218 35
14 271 4
15 302 8
16 312 7
17 333 18
18 333 5
19 339 3
20 344 7
21 353 5
22 372 12
23 429 3
24 451 48
25 451 23
26 476 9
27 488 10
28 506 3
29 519 3
30 562 47
31 603 6
32 622 5
33 622 13
34 636 4
35 650 2
36 686 6
37 703 7
38 750 7
39 771 6
40 786 6
41 796 7
42 812 5
43 821 12
44 835 7
45 852 4
46 857 4
47 857 15
48 877 9
49 887 31
50 928 8
51 937 13
52 969 3
53 984 7
54 1019 3
55 1033 4
56 1059 9
57 1069 20
58 1120 5
59 1130 11
60 1149 7
61 1158 5
62 1186 8
63 1226 6
64 1234 19
65 1240 13
66 1258 8
67 1268 12
68 1284 23
69 1297 10
70 1310 17
71 1319 8
72 1329 7
73 1339 21
74 1354 6
75 1362 20
76 1384 5
77 1394 26
78 1424 6
79 1434 16
80 1469 7
81 1478 7
82 1493 8
83 1504 8
84 1536 15
85 1543 8
86 1559 8
87 1573 7
88 1591 15
89 1613 7
90 1627 6
91 1659 3
92 1673 36
93 1683 6
94 1705 3
95 1737 3
96 1737 25
97 1781 12
98 1817 46
99 1826 14
100 1865 45
101 1906 3
102 1912 17
103 1921 8
104 1932 6
105 1939 19
106 1954 3
107 1968 43
108 1976 10
109 1989 9
110 2026 25
111 2063 20
112 2075 8
113 2086 6
114 2095 7
115 2122 7
116 2157 31
117 2167 21
118 2190 19
119 2212 7
120 2221 33
121 2227 7
122 2250 3
123 2257 8
124 2257 16
125 2294 10
126 2306 22
127 2322 6
128 2330 12
129 2345 29
130 2366 8
131 2392 3
132 2396 9
133 2454 7
134 2466 9
135 2485 20
136 2485 9
137 2495 10
138 2586 16
139 2603 7
140 2634 2
141 2650 4
142 2663 3
143 2681 5
144 2690 18
145 2745 11
146 2774 17
147 2785 6
148 2811 14
149 2822 3
150 2840 2
151 2879 5
152 2919 7
153 2960 9
154 2977 5
155 3002 7
156 3002 27
157 3098 18
158 3103 7
159 3117 32
160 3169 4
161 3203 7
162 3217 4
163 3281 6
164 3312 11
165 3320 3
166 3324 7
167 3348 5
168 3356 9
169 3356 16
170 3384 8
171 3395 19
172 3418 13
173 3432 6
174 3448 7
175 3478 4
176 3534 4
177 3563 7
178 3587 4
179 3594 8
180 3604 4
181 3616 3
182 3656 3
183 3690 6
184 3718 13
185 3762 3
186 3793 6
187 3893 13
188 3902 4
189 3944 6
190 3968 3
191 4023 20
192 4037 6
193 4067 4
194 4098 24
195 4110 12
196 4143 14
197 4165 3
198 4171 12
199 4177 6
200 4208 7
201 4217 5
202 4224 7
203 4234 3
204 4243 6
205 4251 8
206 4261 7
207 4271 9
