1 0 6
2 15 19
3 45 3
4 71 44
5 71 14
6 79 6
7 103 12
8 135 3
9 321 4
10 333 4
11 378 4
12 396 13
13 417 9
14 438 4
15 449 6
16 488 20
17 512 6
18 532 54
19 566 20
20 574 12
21 589 19
22 596 12
23 633 4
24 652 57
25 723 6
26 741 37
27 770 8
28 794 12
29 810 10
30 828 3
31 832 56
32 843 45
33 868 3
34 873 6
35 882 6
36 928 42
37 938 6
38 948 22
39 979 20
40 1016 25
41 1042 8
42 1051 6
43 1060 6
44 1067 15
45 1085 2
46 1168 2
47 1220 32
48 1231 21
49 1267 21
50 1294 3
51 1324 22
52 1357 54
53 1374 37
54 1458 6
55 1520 3
56 1530 74
57 1556 10
58 1580 4
59 1580 10
60 1620 12
61 1808 6
62 1989 6
63 2094 5
64 2138 6
65 2172 9
66 2267 24
67 2279 12
68 2308 13
69 2315 6
70 2352 2
71 2371 8
72 2621 14
73 2660 6
74 2696 6
75 2795 15
76 2839 2
77 2877 19
78 2900 10
79 2956 18
80 2976 7
81 2985 5
82 2992 7
83 3001 8
84 3076 12
85 3089 4
86 3089 20
87 3142 9
88 3171 8
89 3185 5
90 3195 3
91 3234 6
92 3242 34
93 3272 4
94 3300 22
95 3308 5
96 3323 6
97 3342 27
98 3364 5
99 3373 3
100 3431 8
101 3441 3
102 3507 2
103 3526 6
104 3560 24
105 3606 62
106 3655 13
107 3660 8
108 3683 25
109 3743 8
110 3846 5
111 3862 8
112 3977 12
113 4050 75
114 4119 6
115 4134 3
116 4189 6
117 4298 13
118 4354 22
119 4443 2
120 4584 6
121 4669 43
122 4700 12
123 4714 22
124 4728 8
125 4796 7
126 4845 28
127 4892 4
128 4947 24
129 4962 9
130 4974 108
131 5135 18
132 5150 3
133 5254 12
134 5429 25
135 5469 4
136 5474 6
137 5523 6
138 5561 4
139 5561 19
140 5602 25
141 5628 89
142 5662 35
143 5670 12
144 5685 12
145 5693 4
146 5747 8
147 5800 4
148 5818 5
149 5825 3
150 5880 1
151 5898 9
152 5912 6
153 5927 16
154 5934 3
155 5988 6
156 6021 3
157 6093 7
158 6105 6
159 6117 3
160 6155 2
161 6164 15
162 6281 2
163 6338 5
164 6416 2
165 6432 4
166 6464 2
167 6507 2
168 6526 19
169 6550 3
170 6554 3
171 6570 2
172 6577 3
173 6623 2
174 6635 8
175 6648 2
176 6658 3
177 6667 2
178 6736 2
179 6763 2
180 6787 15
181 6838 2
182 6852 9
183 6879 3
184 6921 3
185 6954 2
186 7028 6
187 7036 2
188 7047 9
189 7091 10
190 7103 6
191 7148 10
192 7203 15
193 7241 23
194 7307 4
195 7503 21
196 7525 2
197 7758 6
198 7844 15
199 7937 6
200 7975 53
201 8164 5
202 8252 7
203 8342 4
