1 64 15
2 135 9
3 135 3
4 214 16
5 262 20
6 284 19
7 305 9
8 316 13
9 381 12
10 381 5
11 413 2
12 429 22
13 568 3
14 660 10
15 686 9
16 718 4
17 806 4
18 854 3
19 1320 11
20 1343 1
21 1407 16
22 1429 4
23 1446 1
24 1609 49
25 1651 7
26 1663 7
27 1673 3
28 1725 3
29 1741 10
30 1754 8
31 1815 109
32 1898 7
33 1972 3
34 2067 11
35 2127 3
36 2323 1
37 2415 4
38 2555 3
39 2659 1
40 2681 4
41 2695 4
42 2721 1
43 2798 1
44 2831 1
45 2880 1
46 3060 6
47 3116 2
48 3141 7
49 3243 3
50 3290 1
51 3322 7
52 3351 2
53 3376 2
54 3402 7
55 3411 1
56 3505 2
57 3741 34
58 3766 1
59 3779 7
60 3792 4
61 3816 1
62 3829 30
63 3863 3
64 3897 4
65 3956 1
66 4262 4
67 4314 4
68 4400 3
69 4442 2
70 4513 1
71 4556 1
72 4646 1
73 4876 6
74 4923 1
75 5282 1
76 5319 7
77 5336 6
78 5349 3
79 5485 15
80 5493 7
81 5544 12
82 5581 5
83 5588 6
84 5604 6
85 5644 15
86 5661 15
87 5669 7
88 5689 10
89 5708 9
90 5754 11
91 5775 6
92 5800 15
93 5823 11
94 5831 3
95 5864 7
96 5882 6
97 5892 2
98 5916 1
99 5925 11
100 6080 1
101 6130 1
102 6163 8
103 6191 4
104 6234 8
105 6380 1
106 6570 1
107 6614 3
108 6662 1
109 6713 1
110 6725 29
111 6742 12
112 6756 4
113 6981 42
114 7006 5
115 7014 9
116 7092 1
117 7105 1
118 7124 41
119 7148 17
120 7206 5
121 7219 13
122 7252 9
123 7311 5
124 7317 15
125 7317 6
126 7334 3
127 7347 5
128 7354 9
129 7377 4
130 7382 8
131 7396 4
132 7415 11
133 7465 1
134 7607 6
135 7630 25
136 7641 14
137 7700 4
138 7751 4
139 8194 2
140 8208 13
141 8330 1
142 8454 3
143 8458 2
144 8534 3
145 8847 2
146 8929 2
147 8962 6
148 9129 3
149 9175 3
150 9232 1
151 9255 44
152 9480 3
153 9662 10
154 9681 1
155 9730 3
156 9860 1
157 10085 36
158 10117 4
159 10125 3
160 10168 2
161 10567 12
162 10584 15
163 10623 18
164 10693 12
165 10794 12
166 10882 35
167 10928 6
168 10945 14
169 10984 3
170 11091 6
171 11140 3
172 11171 8
173 11204 9
174 11285 8
175 11322 18
176 11355 8
177 11443 8
178 11461 10
179 11492 20
180 11513 2
181 11602 1
182 11636 3
183 11672 8
184 11682 2
185 11706 22
186 11713 14
187 11743 36
188 11767 12
189 11794 19
190 11815 2
191 11829 42
192 11883 2
193 11915 2
194 11957 3
195 11972 36
196 11989 19
197 12012 4
198 12024 2
199 12093 3
200 12108 37
201 12117 16
202 12135 10
203 12147 2
204 12150 2
205 12169 2
206 12183 3
207 12261 3
208 12327 3
209 12371 4
210 12424 2
211 12469 3
212 12474 3
213 12592 9
214 12797 3
215 12828 5
216 12847 3
217 12890 3
218 12996 2
219 13102 3
220 13140 35
221 13153 22
222 13177 4
223 13242 14
224 13296 9
225 13330 2
226 13386 2
227 13424 2
228 13467 13
229 13533 3
230 13626 4
231 13947 4
232 13971 3
233 13989 1
234 14005 4
235 14057 4
236 14124 1
237 14185 1
238 14230 3
239 14296 1
240 14314 1
241 14377 16
242 14396 37
243 14454 6
244 14489 9
245 14511 1
246 14551 4
247 14626 1
248 14646 1
249 14660 11
250 14688 7
251 14801 16
252 14818 2
253 14848 3
254 15274 2
255 15364 3
256 15429 3
257 15585 6
258 15689 5
259 15718 78
260 15745 51
261 15806 5
262 15840 63
263 15956 4
264 16020 1
265 16088 1
266 16127 14
267 16143 3
268 16193 1
269 16214 34
270 16235 13
271 16250 1
272 16374 9
273 16409 3
274 16457 1
275 16512 1
276 16592 3
277 16672 2
278 16790 4
279 16937 1
280 17028 13
281 17117 1
282 17303 3
283 17424 2
284 17505 3
285 17524 11
286 17548 16
287 17695 1
288 17874 2
289 17906 4
290 18000 164
291 18022 6
292 18112 7
293 18216 1
294 18250 3
295 18289 3