1 8 9
2 37 18
3 57 23
4 142 6
5 163 5
6 201 5
7 321 6
8 396 6
9 408 12
10 457 12
11 493 6
12 515 4
13 556 6
14 584 13
15 725 8
16 744 6
17 779 5
18 791 41
19 834 7
20 1011 18
21 1158 6
22 1192 12
23 1279 6
24 1322 5
25 1384 12
26 1398 23
27 1523 6
28 1585 12
29 1603 5
30 1793 9
31 1839 6
32 1861 22
33 2007 8
34 2036 8
35 2138 4
36 2184 5
37 2217 3
38 2228 12
39 2277 20
40 2313 6
41 2321 11
42 2358 5
43 2620 12
44 2696 12
45 2717 6
46 2732 13
47 2756 6
48 2925 16
49 2953 3
50 3006 6
51 3029 4
52 3034 12
53 3239 12
54 3326 3
55 3408 11
56 3441 7
57 3509 13
58 3572 2
59 3657 6
60 3664 16
61 3719 10
62 3784 6
63 3848 13
64 3864 12
65 3873 3
66 3922 43
67 3951 14
68 3951 6
69 4079 2
70 4160 6
71 4347 12
72 4369 6
73 4402 11
74 4451 8
75 4522 5
76 4559 6
77 4599 12
78 4627 6
79 4712 2
80 4723 12
81 4789 6
82 4798 6
83 4812 5
84 5061 5
85 5156 13
86 5166 3
87 5222 5
88 5319 8
89 5363 6
90 5385 6
91 5410 8
92 5432 16
93 5472 6
94 5504 11
95 5516 27
96 5697 11
97 5743 11
98 5810 6
99 5817 9
100 5887 29
101 5955 6
102 6032 8
103 6048 6
104 6146 2
105 6161 3
106 6180 5
107 6187 5
108 6202 7
109 6231 6
110 6355 6
111 6370 3
112 6403 5
113 6454 9
114 6465 6
115 6479 13
116 6479 4
117 6508 3
118 6601 12
119 6628 3
120 6634 3
121 6652 2
122 6687 15
123 6696 6
124 6725 5
125 6751 4
126 6834 8
