1 10 6
2 41 8
3 52 29
4 61 20
5 85 11
6 91 5
7 108 56
8 162 2
9 170 107
10 217 60
11 227 20
12 251 26
13 279 16
14 337 28
15 359 6
16 376 3
17 391 9
18 448 44
19 509 5
20 515 29
21 520 6
22 529 6
23 538 6
24 565 26
25 597 12
26 612 10
27 640 5
28 716 18
29 725 9
30 816 21
31 835 2
32 1094 20
33 1104 10
34 1119 16
35 1125 10
36 1147 11
37 1163 3
38 1167 52
39 1198 9
40 1223 16
41 1232 7
42 1270 10
43 1323 10
44 1360 5
45 1367 10
46 1387 6
47 1396 36
48 1457 13
49 1463 7
50 1487 3
51 1555 7
52 1593 19
53 1603 9
54 1643 5
55 1664 28
56 1703 66
57 1710 23
58 1735 7
59 1759 9
