1 38 7
2 49 2
3 64 3
4 187 2
5 273 16
6 303 8
7 337 4
8 426 9
9 446 2
10 451 5
11 479 6
12 587 3
13 651 4
14 666 2
15 688 73
16 688 4
17 688 11
18 732 2
19 939 7
20 1026 2
21 1055 4
22 1141 2
23 1207 2
24 1345 3
25 1388 13
26 1426 2
27 1448 13
28 1474 2
29 1501 6
30 1518 3
31 1536 17
32 1561 13
33 1644 57
34 1654 19
35 1787 4
36 1816 2
37 1824 10
38 1865 4
39 1936 12
40 1983 10
41 1997 5
42 2029 11
43 2035 5
44 2070 3
45 2077 6
46 2086 2
47 2117 6
48 2136 2
49 2141 7
50 2197 19
51 2226 15
52 2249 2
53 2273 7
54 2283 5
55 2341 6
56 2361 18
57 2384 3
58 2388 13
59 2404 10
60 2439 7
61 2576 2
62 2595 60
63 2615 40
64 2630 25
65 2770 4
66 2843 2
67 2863 6
68 2905 13
69 2945 6
70 2957 23
71 3076 11
72 3104 6
73 3169 7
74 3397 4
75 3404 7
76 3529 6
77 3538 2
78 3581 22
79 3607 14
80 3652 27
81 3694 6
82 3701 5
83 3718 2
84 3743 6
85 3773 7
86 3801 6
87 3869 10
88 3989 9
89 3995 3
90 4010 17
91 4010 60
92 4019 8
93 4102 20
94 4124 13
95 4140 10
96 4152 23
97 4178 10
98 4211 17
99 4220 8
100 4256 10
101 4256 3
102 4268 3
103 4292 10
104 4408 10
105 4465 5
106 4485 23
107 4526 7
108 4536 10
109 4580 23
110 4629 17
111 4638 8
112 4731 6
113 4739 8
114 4758 9
115 4802 20
116 4994 3
117 5000 5
118 5027 3
119 5071 6
120 5078 19
121 5092 5
122 5283 4
123 5297 5
124 5303 4
125 5336 17
126 5345 8
127 5380 35
128 5417 10
129 5447 15
130 5478 5
131 5487 22
132 5499 4
133 5516 6
134 5523 2
135 5567 4
136 5636 2
137 5654 2
138 5680 3
139 5851 3
140 5945 3
141 5988 2
142 6092 6
143 6131 2
144 6313 23
145 6347 15
146 6398 17
147 6407 8
148 6426 7
149 6465 3
150 6510 2
151 6533 15
152 6574 10
153 6593 23
154 6625 17
155 6645 10
156 6683 6
157 6697 2
158 6710 7
159 6719 2
160 6774 7
161 6958 2
162 6971 18
163 6990 7
164 6999 7
165 7009 2
166 7023 4
167 7034 4
168 7039 2
169 7109 4
170 7121 2
171 7278 4
172 7324 46
173 7333 2
174 7372 3
175 7396 2
176 7408 4
177 7421 3
178 7542 2
179 7561 21
180 7593 6
181 7608 5
182 7643 3
183 7657 2
184 7674 2
185 7698 2
186 7720 3
187 7725 2
188 7745 2
189 7755 25
190 7782 19
191 7903 10
192 7925 7
193 7973 4
194 8015 2
195 8059 13
196 8160 2
197 8252 10
198 8282 4
199 8302 2
200 8318 2
201 8444 2
202 8489 14
203 8598 8
204 8608 20
205 8650 6
206 8657 3
207 8657 10
208 8695 2
209 8709 6
210 8736 2
211 8784 7
212 8814 20
213 8872 2
214 8926 3
215 8977 3
216 9085 10
217 9170 3
218 9174 11
219 9211 5
220 9211 11
221 9244 8
222 9276 11
223 9288 3
224 9317 2
225 9353 3
226 9353 10
227 9366 10
228 9384 4
229 9431 4
230 9436 49
231 9469 16
232 9512 1
233 9518 19
234 9544 1
235 9549 5
236 9586 8
237 9597 8
238 9616 3
239 9632 7
240 9640 32
241 9684 6
242 9726 4
243 9739 1
244 9748 5
245 9761 23
246 9902 2
247 9962 6
248 10054 8
249 10063 2
250 10092 32
251 10152 3
252 10181 85
253 10181 11
254 10252 3
255 10321 4
256 10327 23
257 10402 10
258 10498 10
259 10528 10
260 10547 6
261 10584 6
262 10663 3
263 10702 11
264 10717 7
265 10725 2
266 10767 10
267 10813 12
268 10932 10
269 11020 6
270 11144 14
271 11284 18
272 11315 10
273 11330 4
274 11370 2
275 11428 4
276 11481 3
277 11558 3
278 11581 5
279 11599 17
280 11652 2
281 11675 3
282 11735 3
283 11749 5
284 11764 5
285 11809 28
286 11845 13
