1 7 22
2 30 10
3 36 4
4 76 6
5 85 55
6 93 10
7 167 6
8 219 18
9 238 2
10 294 6
11 316 7
12 330 2
13 353 6
14 377 7
15 417 1
16 443 6
17 454 4
18 463 4
19 499 21
20 525 4
21 553 13
22 567 22
23 592 49
24 613 4
25 654 11
26 704 19
27 754 6
28 767 3
29 810 13
30 826 11
31 852 7
32 852 28
33 887 4
34 923 13
35 939 4
36 950 5
37 980 7
38 1028 3
39 1062 4
40 1069 3
41 1111 3
42 1187 2
43 1190 11
44 1223 25
45 1244 4
46 1271 20
47 1327 21
48 1370 2
49 1470 11
50 1505 7
51 1582 4
52 1589 11
53 1618 13
54 1677 15
55 1741 64
56 1748 23
