1 0 5
2 15 34
3 27 10
4 53 16
5 101 14
6 116 10
7 139 10
8 174 16
9 184 6
10 195 7
11 250 10
12 263 31
13 273 6
14 321 48
15 333 16
16 392 13
17 398 7
18 426 22
19 471 3
20 484 14
21 499 11
22 523 6
23 561 24
24 579 6
25 590 7
26 648 10
27 660 11
28 682 10
29 698 17
30 705 10
31 724 25
32 743 6
33 809 14
34 839 21
35 875 3
36 901 4
37 925 47
38 944 28
39 956 16
40 1124 5
41 1150 3
42 1154 11
43 1168 5
44 1199 11
45 1227 11
46 1227 5
47 1253 10
48 1299 9
49 1322 2
50 1352 2
51 1401 17
52 1407 11
53 1420 11
54 1470 3
55 1493 11
56 1557 11
57 1570 7
58 1607 10
59 1722 61
60 1722 9
61 1739 30
62 1754 15
63 1824 10
64 1857 6
65 1875 57
66 1883 7
67 1894 21
68 1935 9
69 1995 7
70 2013 3
71 2032 3
72 2052 11
73 2080 4
74 2095 4
75 2102 8
76 2115 1
77 2170 3
78 2200 35
79 2246 18
80 2254 10
81 2290 11
