1 0 30
2 18 12
3 45 80
4 70 55
5 89 36
6 98 27
7 147 33
8 155 25
9 164 16
10 252 3
11 262 31
12 272 7
13 326 4
14 350 13
15 442 63
16 442 28
17 455 15
18 507 3
19 555 22
20 604 6
21 622 3
22 648 36
23 662 11
24 669 4
25 674 10
26 698 3
27 724 46
28 781 17
29 795 3
30 833 6
31 850 3
32 868 16
33 894 3
34 935 8
35 945 8
36 973 11
37 1022 10
38 1166 17
39 1173 10
40 1176 7
41 1196 29
42 1236 5
43 1286 76
44 1295 15
45 1295 67
46 1330 32
47 1350 12
48 1389 57
49 1402 44
50 1410 36
51 1419 27
52 1479 17
53 1492 4
54 1525 20
55 1535 10
56 1562 66
57 1575 36
58 1593 10
59 1702 3
60 1721 4
61 1741 58
62 1756 22
63 1800 114
64 1821 27
65 1830 18
66 1841 7
67 1891 9
68 1946 6
69 1966 34
70 1990 10
71 2013 87
72 2032 11
73 2032 3
74 2036 7
75 2062 17
76 2081 19
77 2102 19
78 2123 75
79 2140 44
80 2173 11
81 2177 7
82 2202 4
83 2284 8
