1 11 11
2 40 20
3 158 1
4 176 38
5 188 4
6 241 8
7 253 8
8 262 20
9 297 3
10 358 4
11 462 56
12 584 22
13 645 11
14 660 3
15 683 23
16 723 38
17 765 19
18 798 4
19 863 14
20 887 3
21 951 14
22 986 6
23 1010 26
24 1044 3
25 1154 31
26 1175 10
27 1187 1
28 1215 3
29 1228 21
30 1251 7
31 1290 9
32 1302 13
33 1335 7
34 1344 7
35 1373 9
36 1395 3
37 1482 16
38 1499 2
39 1554 10
40 1565 2
41 1720 29
42 1801 17
43 1945 23
44 1964 4
45 2196 17
46 2287 16
47 2320 6
48 2338 3
49 2575 12
50 2589 13
51 2626 3
52 2773 3
53 2884 4
54 2961 8
55 2978 12
56 3021 21
57 3038 4
58 3044 2
59 3064 13
60 3105 14
61 3126 3
62 3198 16
63 3272 15
64 3289 17
65 3333 18
66 3360 2
67 3405 23
68 3456 16
69 3513 3
70 3558 7
71 3568 3
72 3572 12
73 3587 6
74 3596 7
75 3631 10
76 3642 29
77 3685 13
78 3812 5
79 3820 3
80 3865 9
81 3865 3
82 3920 3
83 3930 14
84 4028 8
85 4040 22
86 4087 7
87 4097 3
88 4122 19
89 4144 7
90 4162 8
91 4171 9
92 4251 4
93 4292 9
94 4311 8
95 4336 8
96 4367 13
97 4426 21
98 4467 13
99 4564 14
100 4644 27
101 4978 8
102 5051 13
103 5067 18
104 5094 6
105 5112 13
106 5129 6
107 5151 9
108 5176 6
109 5228 16
110 5316 8
111 5346 7
112 5354 8
113 5457 22
114 5480 4
115 5543 6
116 5575 6
117 5584 10
118 5596 10
119 5636 6
120 5693 10
121 5739 6
122 5756 10
123 5790 6
124 5872 6
125 6003 13
126 6097 10
127 6110 19
128 6131 8
129 6166 6
130 6194 21
131 6235 9
132 6251 21
133 6284 2
134 6432 29
135 6449 12
136 6467 3
137 6471 4
138 6497 29
139 6528 5
140 6571 22
141 6583 10
142 6598 26
143 6598 68
144 6627 39
145 6661 5
146 6669 6
147 6713 9
148 6727 25
149 6754 32
150 6773 13
151 6974 6
152 7094 6
153 7211 17
154 7234 3
155 7312 4
156 7329 4
157 7359 6
158 7376 8
159 7397 7
160 7439 8
161 7503 9
162 7674 8
163 7756 3
164 7830 29
165 7910 28
166 7923 15
167 7932 6
168 7939 27
169 7958 8
170 7979 56
171 8025 3
172 8031 4
173 8101 17
174 8143 22
175 8174 17
176 8240 102
177 8269 2
178 8357 12
179 8419 7
180 8470 6
181 8535 11
182 8608 14
183 8615 7
184 8638 2
185 8676 56
186 8724 8
187 8773 5
188 8807 2
189 8847 2
190 8872 6
191 8882 6
192 8892 6