1 0 12
2 22 7
3 54 15
4 63 6
5 85 5
6 93 73
7 126 17
8 136 7
9 174 36
10 205 5
11 221 10
12 233 13
13 247 2
14 273 6
15 282 5
16 298 74
17 322 50
18 374 5
19 388 21
20 486 9
21 497 6
22 563 2
23 637 26
24 672 10
25 698 53
26 756 3
27 831 6
28 863 9
29 877 9
30 893 3
31 991 12
32 1005 8
33 1022 2
34 1039 13
35 1060 24
36 1123 19
37 1163 4
38 1168 2
39 1185 12
40 1222 5
41 1239 3
42 1292 1
43 1314 4
44 1352 5
45 1359 1
46 1395 11
47 1415 3
48 1441 4
49 1564 7
50 1624 139
51 1673 3
52 1728 14
53 1735 7
54 1753 4
55 1775 7
56 1818 6
57 1835 15
58 1864 10
59 1904 8
60 1928 8
61 1948 6
62 1972 17
63 1984 5
64 2002 32
65 2010 6
66 2037 3
67 2157 3
68 2190 13
69 2216 7
70 2226 41
71 2284 14
72 2291 7
73 2304 4
74 2320 9
75 2402 9
76 2476 8
77 2496 14
78 2551 14
79 2559 6
80 2575 13
81 2620 5
82 2656 4
83 2740 77