1 0 5
2 7 5
3 15 23
4 151 6
5 170 15
6 189 13
7 247 7
8 313 15
9 434 15
10 547 5
11 652 27
12 681 27
13 867 5
14 885 5
15 959 12
16 973 12
17 992 18
18 1141 21
19 1164 21
20 1192 5
21 1279 4
22 1324 22
23 1348 22
24 1406 5
25 1452 22
26 1616 18
27 1645 12
28 1658 18
29 2495 21
30 2545 25
31 2636 5
32 2698 25
33 2899 2
34 2930 23
35 2955 7
36 3104 15
37 3222 5
38 3229 21
39 3356 3
40 3527 12
41 3561 28
42 3577 12
43 3645 3
44 3782 2
45 3814 8
46 3900 13
47 3994 24
48 4053 12
49 4087 5
50 4094 8
51 4107 7
52 4120 33
53 4139 14
54 4166 26
55 4210 12
56 4225 9
57 4364 2
58 4384 24
59 4400 8
60 4410 2
61 4488 3
62 4502 22
63 4515 9
64 4547 26
65 4575 11
66 4741 45
67 4783 3
68 4790 9
69 4823 12
70 4877 10
71 4890 10
