1 7 4
2 21 5
3 35 4
4 61 11
5 83 20
6 112 29
7 118 23
8 145 14
9 160 14
10 223 5
11 238 6
12 247 9
13 285 6
14 292 59
15 306 5
16 331 20
17 370 4
18 395 36
19 406 7
20 440 3
21 504 2
22 553 1
23 555 13
24 577 2
25 616 5
26 631 6
27 651 3
28 655 6
29 664 18
30 677 5
31 737 11
32 758 6
33 808 7
34 818 6
35 871 5
36 902 6
37 940 2
38 950 5
39 988 11
40 1036 12
41 1050 9
42 1114 6
43 1176 5
44 1184 6
45 1355 5
46 1365 6
47 1419 12
48 1453 5
49 1481 1
50 1664 2
51 1747 30
52 1789 5
53 1814 2
54 1865 3
55 1951 10
56 2088 4
57 2094 18
58 2129 26
59 2136 5
60 2144 11
61 2169 6
62 2196 2
63 2221 2
64 2283 4
65 2290 3
66 2447 8
67 2550 18
68 2571 6
69 2647 5
70 2762 11
71 2768 5
72 2800 2
73 2848 2
74 2875 3
75 2999 7
76 3017 62
77 3024 19
78 3056 1
79 3100 3
80 3115 3
81 3334 4
82 3420 7
83 3439 2
84 3490 7
85 3522 3
86 3548 27
87 3568 7
88 3758 5
89 3781 19
90 3781 4
91 3802 3
92 3843 1
93 3926 54
94 3936 44
95 4018 12
96 4025 5
97 4076 3
98 4098 2
99 4134 3
100 4179 2
101 4195 4
102 4289 5
103 4344 6
104 4373 2
105 4437 5
106 4455 6
107 4463 4
108 4475 6
109 4604 10
110 4615 21
111 4641 5
112 4653 4
113 4653 9
114 4666 15
115 4825 23
116 4871 5
117 4880 17
118 4917 3
119 4940 7
120 4965 14
121 4999 8
122 5016 6
123 5023 4
124 5029 15
125 5046 8
126 5056 11
127 5133 26
128 5149 10
129 5184 5
130 5194 7
