1 0 9
2 26 34
3 38 22
4 63 9
5 103 7
6 120 13
7 131 2
8 135 7
9 144 8
10 154 7
11 163 7
12 172 4
13 178 6
14 187 6
15 196 29
16 207 18
17 265 21
18 280 6
19 302 19
20 388 16
21 417 6
22 432 30
23 438 5
24 465 35
25 481 6
26 529 32
27 573 9
28 612 6
29 619 32
30 628 6
31 663 8
32 673 9
33 684 8
34 695 8
35 705 10
36 788 6
37 798 7
38 819 3
39 823 9
40 874 3
41 914 7
42 925 3
43 981 7
44 1008 9
45 1036 16
46 1066 9
47 1073 2
48 1112 56
49 1133 35
50 1162 6
51 1182 15
52 1308 7
53 1326 7
54 1335 6
55 1344 7
56 1353 7
57 1398 7
58 1410 2
59 1434 6
60 1444 17