1 2 6
2 12 13
3 52 7
4 118 32
5 127 8
6 153 33
7 162 8
8 188 6
9 208 23
10 236 6
11 250 19
12 275 13
13 327 45
14 374 3
15 392 13
16 428 15
17 502 11
18 555 9
19 555 14
20 615 3
21 680 32
22 689 8
23 715 33
24 724 8
25 764 21
26 789 7
27 866 8
28 876 6
29 884 7
30 893 14
31 909 6
32 917 7
33 980 36
34 1019 35
35 1112 6
36 1122 15
37 1122 9
38 1151 26
39 1192 4
40 1198 6
41 1214 17
42 1237 3
43 1255 32
44 1265 7
45 1289 9
46 1307 12
47 1307 19
48 1352 34
49 1369 7
50 1397 3
51 1403 17
52 1448 7
53 1457 14
54 1473 8
55 1483 6
56 1491 7
57 1501 12
58 1516 7
59 1597 7
60 1659 4
61 1810 16
62 1838 7
63 1888 18
64 1910 13
65 1927 17
66 1960 13
67 1991 5
68 2130 13
69 2156 13
70 2171 4
71 2222 18
72 2292 40
73 2311 21
74 2371 6
75 2380 10
76 2392 23
77 2447 7
78 2518 16
79 2544 6
80 2603 35
81 2651 75
82 2685 41
83 2891 11
84 2895 7
85 2904 10
86 2934 3
87 2979 25
88 2986 5
89 2994 10
90 3115 6
91 3227 13
92 3250 11
93 3322 16
94 3349 6
95 3361 33
96 3447 2
97 3474 10
