1 15 8
2 15 8
3 40 3
4 69 26
5 111 18
6 131 24
7 171 13
8 186 16
9 205 16
10 237 14
11 243 8
12 243 8
13 273 3
14 273 3
15 279 8
16 279 8
17 325 12
18 326 10
19 354 3
20 382 8
21 382 8
22 382 8
23 476 3
24 577 3
25 577 3
26 629 3
27 629 3
28 666 3
29 666 3
30 672 8
31 672 8
32 701 8
33 701 8
34 701 8
35 755 27
36 803 23
37 848 15
38 923 10
39 1010 8
40 1010 8
41 1010 8
42 1049 8
43 1049 8
44 1174 30
45 1268 23
46 1318 8
47 1353 8
48 1353 8
49 1419 8
50 1419 8
51 1437 2
52 1440 25
53 1477 15
54 1557 8
55 1557 8