1 37 6
2 49 4
3 55 7
4 68 6
5 79 16
6 162 16
7 259 8
8 310 12
9 332 4
10 345 6
11 381 5
12 389 8
13 448 15
14 577 6
15 585 14
16 606 31
17 643 6
18 650 3
19 664 23
20 692 3
21 717 7
22 727 5
23 741 7
24 750 10
25 762 6
26 784 8
27 795 6
28 874 19
29 984 17
30 1003 16
31 1022 16
32 1040 2
33 1059 6
34 1067 2
35 1090 10
36 1102 15
37 1119 8
38 1173 14
39 1189 2
40 1204 25
41 1239 29
42 1270 9
43 1281 7
44 1292 4
45 1316 4
46 1387 2
47 1450 57
48 1509 16
49 1535 26
50 1571 3
51 1654 3
52 1732 2
53 1780 5
54 1786 5
55 1859 11
56 1873 10
57 1873 2
58 1884 2
59 2015 19
60 2061 14
61 2076 5
62 2162 2
63 2206 6
64 2226 3
65 2256 2
66 2277 43
67 2343 10
68 2422 27
69 2563 5
70 2581 6
71 2595 8
72 2630 23
73 2666 24
74 2700 10
75 2731 13
76 2782 3
77 2859 21
78 2920 9
79 2930 3
80 2964 6
81 3015 3
82 3055 6
