1 0 5
2 19 5
3 43 9
4 95 19
5 109 5
6 126 15
7 148 16
8 179 13
9 204 17
10 228 14
11 283 6
12 323 5
13 329 9
14 365 13
15 386 5
16 394 6
17 404 5
18 452 6
19 468 17
20 477 8
21 488 2
22 522 6
23 536 8
24 546 9
25 586 20
26 586 32
27 607 35
28 621 31
29 643 9
30 654 19
31 696 2
32 754 6
33 771 22
34 838 6
35 904 5
36 953 19
37 994 5
38 1029 8
39 1039 6
40 1047 6
41 1055 9
42 1092 16
43 1166 11
44 1172 5
45 1179 2
46 1226 5
47 1284 6
48 1292 6
49 1356 5
50 1363 6
51 1392 5
52 1427 6
53 1434 16
54 1542 26
55 1571 3
56 1691 6
57 1702 16
58 1735 24
59 1753 6
60 1802 3
61 1854 3
62 1898 6
63 1909 25
64 1927 7
65 1936 15
66 1953 15
67 1970 2
68 1994 17
69 2062 6
