1 0 8
2 10 10
3 116 10
4 130 14
5 169 9
6 223 8
7 246 2
8 312 5
9 394 11
10 413 3
11 445 8
12 469 39
13 521 3
14 538 9
15 619 2
16 631 9
17 671 21
18 694 23
19 719 40
20 762 17
21 781 7
22 1011 2
23 1051 9
24 1169 9
25 1286 6
26 1303 2
27 1354 9
28 1372 4
29 1416 2
30 1456 10
31 1495 3
32 1566 8
33 1587 6
34 1647 9
35 1739 2
36 1799 6
37 1808 10
38 1832 15
39 2056 10
40 2224 14
41 2267 11
42 2279 15
43 2296 145
44 2443 4
45 2695 4
46 2725 3
47 3128 7
48 3160 4
49 3356 18
50 3391 4
51 3477 29
52 3756 2
53 4020 4
54 4076 2
55 4295 2
56 4324 4
57 4389 11
58 4403 3
59 4496 3
60 4527 5
61 4555 6
62 4660 2
63 4889 3
64 4917 8
65 4933 5
66 5021 2
67 5031 9
68 5185 2
69 5213 10
70 5230 6
71 5331 3
72 5356 8
73 5412 3
74 5438 9
75 5452 6
76 5466 2
77 5572 8
78 5605 6
79 5787 3
80 5933 10
81 5980 6
82 6277 3
83 6327 3
84 6332 9
85 6560 23
86 6710 12
87 6786 7
88 6862 11
89 6931 10
90 6973 10
91 6989 13
92 7071 6
93 7104 6
94 7123 6
95 7400 2
96 7410 12
97 7431 15
98 7462 3
99 7488 7
100 7498 8
101 7529 3
102 7586 3
103 7619 3
104 7638 3
105 7648 2
106 7730 3
107 7811 10
108 7842 3
109 8141 6
110 8187 3