1 12 21
2 40 6
3 47 17
4 67 1
5 97 7
6 125 3
7 162 10
8 169 3
9 212 1
10 271 3
11 332 9
12 391 34
13 401 6
14 401 24
15 436 2
16 452 8
17 462 5
18 489 2
19 505 6
20 516 26
21 553 2
22 583 3
23 603 6
24 619 4
25 643 2
26 672 4
27 719 9
28 783 6
29 793 41
30 813 21
31 852 2
32 864 28
33 864 5
34 881 3
35 911 10
36 924 21
37 1013 17
38 1061 12
39 1075 6
40 1083 4
41 1090 4
42 1133 11
43 1169 5
44 1207 2
45 1230 2
46 1415 12
47 1468 2
48 1552 4
49 1663 8
50 1673 4
51 1696 3
52 1724 3
53 1793 7
54 1903 3
55 1920 9
56 2024 3
57 2098 4
58 2132 3
59 2143 4
60 2164 3
61 2164 11
62 2274 7
63 2297 4
64 2372 2
65 2486 2
66 2557 18
67 2565 10
68 2587 3
69 2624 25
70 2629 3
71 2629 20
72 2668 7
73 2699 4
74 2706 4
75 2720 5
76 2740 2
77 2871 4
78 2933 3
79 2955 9
80 2968 4
81 3025 4
82 3042 1
83 3061 1
84 3083 5
85 3119 4
86 3119 12
87 3168 1
88 3198 1
89 3219 3
90 3219 8
91 3280 1
92 3312 1
93 3421 1
94 3450 20
95 3454 16
96 3512 3
97 3541 63
98 3614 4
99 3624 3
100 3624 8
101 3647 15
102 3664 3
103 3767 10
104 3828 15
105 3904 4
106 3910 15
107 3950 2
108 4012 9
109 4016 5
110 4031 24
111 4063 15
112 4118 13
113 4208 4
114 4214 11
115 4238 12
116 4238 24
117 4279 12
118 4293 2
119 4337 4
120 4367 5
121 4418 2
122 4464 2
123 4713 5
124 4721 5
125 4756 15
126 4801 4
127 4828 4
128 4896 9
129 4928 2
130 4952 47
131 4952 7
132 5023 3
133 5061 3
134 5143 8
135 5191 3
136 5267 8
137 5278 12
138 5318 24
139 5332 10
140 5345 3
141 5428 2
142 5441 3
143 5461 11
144 5512 1
145 5593 3
146 5608 3
147 5639 1
148 5647 2
149 5668 3
150 5694 6
151 5714 1
152 5759 1
153 5806 4
154 5814 2
155 5872 9
156 5884 1
157 5895 3
158 5921 22
159 5928 15
160 5945 3
161 5972 3
162 5990 1
163 6000 2
164 6015 2
165 6091 1
166 6112 3
167 6138 1
168 6176 2
169 6176 33
170 6249 5
171 6310 10
172 6401 5
173 6437 43
174 6445 35
175 6461 2
176 6490 53
177 6508 13
178 6508 35
179 6563 12
180 6579 2
181 6610 10
182 6621 3
183 6621 8
184 6632 13
185 6648 21
186 6672 18
187 6763 10
188 6799 11
189 6833 3
190 6833 9
191 6900 11
192 6947 17
193 6966 4
194 6981 4
195 7045 4
196 7084 4
197 7093 15
198 7194 2
199 7208 4
200 7256 15
201 7304 6
202 7396 2
203 7483 2
204 7494 4
205 7518 4
206 7572 3
207 7652 16
208 7669 3
209 7711 5
210 7719 4
211 7762 3
212 7804 4
213 7910 3
214 7939 4
215 7964 17
216 8050 2
217 8104 10
218 8139 21
219 8200 4
220 8218 3
221 8322 5
222 8356 4
223 8383 14
224 8411 1
225 8428 6
226 8441 4
227 8470 5
228 8481 81
229 8498 23
230 8523 16
231 8544 18
232 8556 6
233 8566 4
234 8630 14
235 8661 9
236 8706 3
237 8741 5
238 8753 3
239 8795 9
240 8825 14
241 8860 3
242 8870 3
243 8893 2
244 8929 10
245 8943 9
246 8972 13
247 8997 3
248 9045 3
249 9066 14
250 9081 9
251 9165 7
252 9216 12
253 9249 17
254 9269 41
255 9275 10
256 9331 19
257 9395 7
258 9491 2
259 9592 14
260 9609 21
261 9640 3
262 9655 24
263 9681 6
264 9738 5
265 9775 8
266 9849 11
267 9849 19
268 9897 5
269 9912 33
270 9931 14
271 9975 40
272 9987 28
273 10035 15
274 10040 10
275 10100 13
276 10117 7
277 10126 11
278 10182 14
279 10198 7
280 10208 5
281 10214 9
282 10290 12
283 10336 9
284 10370 2
285 10378 3
286 10412 2
287 10439 11
288 10498 3
289 10517 11
290 10531 4
291 10603 11
292 10742 3
293 10993 7
294 11039 7
295 11190 7
296 11211 4
297 11220 4
298 11235 7
299 11243 3
300 11305 59
301 11345 19
302 11523 10
303 11546 4
304 11612 24
305 11619 17
306 11656 3
307 11694 2
308 11731 105
309 11769 17
310 11790 4
311 11864 2
312 11876 20
313 11909 14
314 11939 7
315 11978 5
316 11985 5
317 12014 23
318 12022 15
319 12053 11
320 12076 3
321 12076 39
322 12103 12
323 12127 7
324 12136 3
325 12151 25
326 12182 2
327 12200 29
328 12211 18
329 12266 3
330 12283 3
331 12315 10
332 12367 8
333 12444 4
334 12450 9
335 12477 12
336 12510 4
337 12570 14
338 12588 44
339 12609 12
340 12634 2
341 12651 35
342 12709 79
343 12779 9
344 12792 14
345 12808 13
346 12824 13
347 12852 3
348 12881 5
349 12892 3
350 12901 4
351 12907 2
352 13032 2
353 13044 3
354 13064 3
355 13084 3
356 13093 30
357 13125 19
358 13192 6
359 13365 10
360 13378 2
361 13403 4
362 13533 9
363 13554 4
364 13554 16
365 13574 56
366 13605 25
367 13605 12
368 13657 3
369 13678 3
370 13711 15
371 13736 2
372 13778 3
373 13799 9
374 13828 4
375 13879 12
376 13920 5
377 13940 2
378 14005 4
379 14013 23
380 14037 2
381 14103 10
382 14149 17
383 14168 5
384 14242 9
385 14301 3
386 14419 2
387 14422 5
388 14430 2
389 14485 26
390 14514 9
391 14541 4
392 14583 18
393 14679 19
394 14686 12
395 14723 50
396 14789 1
397 14806 9
398 14918 34
399 14945 7
400 14967 5
401 14976 9
402 14994 3
403 15000 5
404 15008 5
405 15083 18
406 15106 13
407 15246 4
408 15252 9
409 15264 6
410 15285 5
411 15302 7
412 15343 4
413 15351 13
414 15440 10
415 15476 2
416 15497 8
417 15638 2
418 15650 6
419 15650 29
420 15708 13
421 15723 15
422 15754 11
423 15782 4
424 15796 2
425 15914 5
426 15926 5
427 15968 3
428 16101 12
429 16217 2
430 16265 11
431 16293 4
432 16338 6
433 16454 3
434 16473 10
435 16550 5
436 16573 4
437 16606 3
438 16647 2
439 16717 9
440 16817 2
441 16877 8
442 16896 3
443 16896 26
444 16963 1
445 17053 1
446 17085 3
447 17085 9
448 17112 3
449 17147 3
450 17212 1
451 17233 4
452 17284 4
453 17302 4
454 17445 3
455 17485 1
456 17555 9
457 17576 28
458 17593 3
459 17615 3
460 17766 4
461 17784 12
462 17809 6
463 17816 62
464 17845 10
465 17887 9
466 17899 7
467 17911 11
468 17924 2
469 17955 17
470 17987 13
471 18001 2
472 18028 7
473 18039 2
474 18070 17
475 18113 14
476 18167 31
477 18188 10
478 18200 8
479 18200 3
480 18247 6
481 18297 4
482 18308 2
483 18335 21
484 18358 14
485 18374 8
486 18384 11
487 18408 3
488 18520 2
489 18531 17
490 18573 17
491 18595 3
