1 6 5
2 37 6
3 46 5
4 101 40
5 111 18
6 160 5
7 202 5
8 211 5
9 228 40
10 235 19
11 261 6
12 270 7
13 290 19
14 528 3
15 603 19
16 688 51
17 741 4
18 755 27
19 763 9
20 844 15
21 844 9
22 877 3
23 877 13
24 937 11
25 987 3
26 1132 50
27 1140 22
28 1186 36
29 1197 8
30 1227 4
31 1234 42
32 1338 3
33 1410 3
34 1435 14
35 1524 22
36 1531 8
37 1560 2
38 1608 6
39 1631 9
40 1631 16
41 1721 6
42 1729 7
43 1738 5
44 1927 5
45 2026 21
46 2027 9
47 2058 17
48 2087 2
49 2116 6
50 2140 27
51 2210 3
52 2269 19
53 2408 14
54 2566 5
55 2612 6
56 2656 24
57 2662 8
58 2691 5
59 2928 22
60 2929 9
61 2951 4
62 3108 17
63 3166 17
64 3225 44
65 3236 33
66 3271 26
67 3301 9
68 3377 11
69 3435 3
70 3464 4
71 3490 11
72 3607 14
73 3785 28
74 3799 14
75 3836 4
76 3864 5
77 3886 11
78 3949 6
79 3968 17
80 3974 11
81 4055 15
82 4091 64
83 4097 26
84 4117 6
85 4127 28
86 4145 10
87 4167 4
88 4167 15
89 4193 9
90 4316 12
91 4330 3
92 4446 15
93 4472 9
94 4534 17
95 4563 2
96 4569 9
97 4762 6
98 4777 10
99 5026 5
100 5139 11
101 5153 5
102 5199 6
103 5211 5
104 5217 13
105 5224 5
106 5246 5
107 5281 6
