1 10 25
2 60 28
3 60 19
4 80 8
5 131 19
6 152 122
7 182 17
8 230 2
9 250 6
10 287 48
11 352 15
12 369 40
13 413 7
14 421 6
15 455 4
16 566 19
17 586 36
18 598 9
19 692 3
20 707 19
21 771 10
22 858 9
23 869 22
24 879 12
25 894 10
26 929 5
27 950 3
28 960 24
29 967 9
30 1001 6
31 1019 2
32 1030 7
33 1047 6
34 1097 24
35 1108 12
36 1125 18
37 1145 5
38 1247 3
39 1263 32
40 1298 30
41 1331 43
42 1340 6
43 1446 27
44 1480 3
45 1524 23
46 1538 9
47 1591 3
48 1622 41
49 1691 20
50 1706 5
51 1713 48
52 1735 26
53 1743 18
54 1765 18
55 1793 55
56 1806 25
57 1887 20
58 1931 68
59 2002 26
60 2012 16
61 2049 28
62 2081 6
63 2101 18
64 2110 9
65 2165 37
66 2172 7
67 2181 21
68 2204 41
69 2231 14
70 2247 30
71 2259 18
72 2280 47
73 2290 37
74 2306 21
75 2311 16
76 2356 25
77 2477 19
78 2498 17
79 2551 22
80 2561 12
81 2575 24
82 2618 25
83 2664 26
84 2674 16
85 2711 28
86 2760 18
87 2769 9
88 2799 15
89 2799 35
90 2806 7
91 2816 18
92 2855 26
93 2855 41
94 2883 13
95 2917 40
96 2929 18
97 2979 43
98 3024 14
