1 0 27
2 15 12
3 38 24
4 71 36
5 91 91
6 129 13
7 205 15
8 231 19
9 238 43
10 265 16
11 293 8
12 302 6
13 339 25
14 360 4
15 388 12
16 478 22
17 503 10
18 549 9
19 583 19
20 628 25
21 655 34
22 667 22
23 691 33
24 699 25
25 726 27
26 737 16
27 768 12
28 790 47
29 802 26
30 848 38
31 888 4
32 974 29
33 999 4
34 1206 15
35 1216 5
36 1224 40
37 1266 39
38 1307 19
39 1319 7
40 1348 6
41 1407 25
42 1435 51
43 1489 25
44 1526 8
45 1579 9
46 1614 5
47 1620 3
48 1755 14
49 1755 6
50 1770 12
51 1813 11
52 1881 21
53 1914 6
54 1971 8
55 1984 10
56 2069 2
57 2072 11
58 2087 3
59 2177 3
60 2185 12
61 2185 5
62 2198 12
63 2257 11
64 2287 8
65 2355 6
66 2387 17
67 2494 22
68 2519 16
69 2552 12
70 2577 2
71 2594 7