1 0 7
2 9 7
3 21 7
4 36 8
5 119 6
6 128 12
7 162 16
8 226 12
9 251 16
10 317 2
11 392 7
12 409 16
13 448 42
14 502 2
15 526 10
16 556 7
17 591 7
18 602 4
19 609 8
20 619 7
21 631 7
22 648 14
23 667 5
24 681 11
25 763 18
26 833 3
27 849 3
28 909 23
29 940 7
30 1021 6
31 1028 2
32 1120 4
33 1218 2
34 1260 9
35 1277 4
36 1304 3
37 1340 10
38 1355 16
39 1398 6
40 1405 2
41 1428 22
42 1605 2
43 1699 7
44 1708 24
45 1755 7
46 1764 27
47 1793 21
48 1823 12
49 1837 21
50 1860 5
51 1875 7
52 1886 44
53 1963 4
