1 20 23
2 36 7
3 76 84
4 91 69
5 101 59
6 125 8
7 136 24
8 170 2
9 207 18
10 227 10
11 260 4
12 260 20
13 299 3
14 318 6
15 407 7
16 577 7
17 624 12
18 646 2
19 674 8
20 736 174
21 1098 55
22 1159 2
23 1242 6
24 1284 7
25 1422 12
26 1485 7
27 1507 6
28 1546 7
29 1557 18
30 1599 8
31 1643 46
32 1675 14
33 1717 8
34 1728 27
35 1728 3
36 1767 2
37 1834 7
38 1856 3
39 1875 4
40 1909 7
41 1933 2
42 2123 19
43 2144 3
44 2215 12
45 2429 7
46 2470 14
47 2518 3
48 2553 2
49 2606 17
50 2640 3
51 2750 34
52 2792 8