1 0 4
2 52 15
3 62 5
4 108 59
5 120 47
6 128 21
7 191 60
8 213 38
9 237 14
10 264 60
11 333 59
12 345 47
13 353 21
14 394 17
15 432 27
16 454 5
17 467 10
18 570 32
19 587 9
20 674 15
21 684 5
22 693 19
23 726 17
24 755 58
25 799 14
26 839 66
27 846 59
28 859 17
29 892 4
30 921 13
31 939 8
32 981 28
33 989 20
34 1023 6
35 1074 13
36 1090 15
37 1116 55
38 1123 48
39 1178 3
40 1267 2
41 1270 32
42 1281 8
43 1327 7
44 1360 4
45 1373 13
46 1426 7
47 1462 14
48 1492 4
49 1504 101
50 1526 14
51 1597 7
52 1610 7
53 1654 14
54 1671 16
55 1690 24
56 1709 5
57 1757 14
58 1773 27
59 1781 3
60 1818 9
61 1830 7
62 1905 25
63 1914 16
64 1933 10
65 1945 17
66 1995 5
67 2059 15
68 2077 18
69 2098 24
70 2098 3
71 2116 6
72 2158 24
73 2184 30
74 2209 5
75 2228 76
76 2312 2
77 2344 58
78 2379 23
79 2431 7
80 2448 18
81 2519 7
82 2579 7
83 2626 17
84 2678 81
85 2724 23
86 2751 8
87 2771 4
88 2787 28
89 2868 14
90 2878 4
91 2893 69
92 2911 6
93 2919 19
94 2941 21
95 2964 7
96 2993 5
97 3039 3
98 3093 14
99 3140 18
100 3185 2
101 3188 32
102 3223 5
103 3277 15