1 0 40
2 19 21
3 42 40
4 61 21
5 85 26
6 90 21
7 157 5
8 194 2
9 197 20
10 231 29
11 291 5
12 298 8
13 323 12
14 369 6
15 584 4
16 616 8
17 664 18
18 724 5
19 816 5
20 854 23
21 854 6
22 890 25
23 890 6
24 926 4
25 966 10
26 1000 3
27 1021 3
28 1134 15
29 1189 3
30 1221 2
31 1271 19
32 1311 3
33 1344 57
34 1344 18
35 1376 24
36 1469 36
37 1469 18
38 1566 24
39 1566 15
40 1666 4
41 1912 90
42 1953 28
43 2044 2
44 2153 24
45 2214 34
46 2330 5
47 2608 72
48 2666 13
49 2780 12
50 2822 11
51 2893 4
52 2919 19
53 2966 3
54 2991 4
55 3016 4
56 3038 2
57 3054 6
58 3062 56
59 3062 5
60 3210 33
61 3359 18
62 3387 32
63 3406 13
64 3430 45
65 3430 25
66 3486 7
67 3496 6
68 3505 32
69 3540 27
70 3546 21
71 3584 14
72 3623 33
73 3658 10
74 3764 5
75 3978 13
76 3994 16
77 4061 6
78 4070 18
79 4169 19
80 4244 18
81 4286 20
82 4316 19
83 4425 18
84 4549 10
85 4609 19
86 4690 27
87 4701 5
88 4734 75
89 4734 41
90 4811 20
91 4866 5
92 4909 28
93 4930 7
94 4940 19
95 4960 21
96 5000 7
