1 1 2
2 12 10
3 26 19
4 113 16
5 132 17
6 152 9
7 196 19
8 279 19
9 279 9
10 301 3
11 313 40
12 337 16
13 400 24
14 410 14
15 428 7
16 436 4
17 483 19
18 521 14
19 624 6
20 656 6
21 711 7
22 722 2
23 748 13
24 820 3
25 834 5
26 892 22
27 936 7
28 963 37
29 963 6
30 979 21
31 1010 3
32 1016 75
33 1055 36
34 1118 15
35 1142 13
36 1160 2
37 1176 3
38 1252 9
39 1252 17
40 1273 9
41 1393 13
42 1419 15
43 1462 13
44 1524 5
45 1533 7
46 1591 3
47 1602 6
48 1611 9
49 1654 5
50 1667 17
51 1694 9
52 1776 15
53 1890 4
54 1945 1
55 1955 59
56 2029 6
57 2046 17
58 2091 4
59 2109 24
60 2152 21
61 2202 7
62 2274 25
63 2303 9
64 2343 4
65 2401 26
66 2408 19
67 2512 1
68 2578 2
69 2600 21
70 2644 19
71 2686 6
72 2699 9
73 2709 19
74 2846 21
75 2869 7
76 2943 9
77 2991 19
78 3034 10
79 3078 27
80 3084 21
81 3107 12
82 3121 11
83 3163 3
84 3188 3
85 3299 15
86 3330 10
87 3451 9
88 3482 10
89 3530 19
90 3600 10
91 3631 30
92 3946 19
93 4075 3
94 4424 12
95 4450 3
96 4472 27
97 4642 3
98 4813 3
99 4823 14
100 4840 12
101 4882 5
102 4974 9
103 5128 5
104 5141 3
105 5214 9
106 5273 3
107 5317 19
108 5361 42
109 5790 20
110 6004 17
111 6048 41
112 6048 11
113 6076 13
114 6095 2
115 6146 17
116 6152 11
117 6228 16
118 6256 11
119 6292 11
120 6349 10
121 6363 22
122 6387 7
123 6415 19
124 6455 26
125 6696 11
126 6737 19
127 6810 26
128 6837 4
129 6853 27
130 6853 4
131 6928 10
132 6956 2
133 6989 19
134 7011 30
135 7067 23
136 7093 8
137 7104 6
138 7171 3
139 7252 9
140 7387 19
141 7430 18
142 7620 3
143 7637 40
144 7845 15
145 7867 20
146 7900 19
147 7900 31
148 7945 2
149 8131 8
150 8518 39
151 8661 12
152 8770 20
153 8845 3
154 8971 11
155 9037 21
