1 29 41
2 54 16
3 71 32
4 113 16
5 131 4
6 147 24
7 165 6
8 193 8
9 256 8
10 313 5
11 339 7
12 348 11
13 403 3
14 421 5
15 466 9
16 551 7
17 603 9
18 650 9
19 765 11
20 814 33
21 825 9
22 876 14
23 899 12
24 927 3
25 973 7
26 989 15
27 1018 4
28 1043 15
29 1101 8
30 1111 11
31 1125 6
32 1189 7
33 1226 10
34 1283 11
35 1300 12
36 1371 13
37 1387 7
38 1448 12
39 1511 82
40 1523 9
41 1610 7
42 1632 11
43 1726 12
44 1794 14
45 1855 9
46 1916 8
47 1976 13
48 2064 18
49 2100 7
50 2154 10
51 2189 13
52 2253 9
53 2265 10
54 2295 4
55 2321 3
56 2375 3
57 2439 8
58 2451 8
59 2562 4
60 2627 7
61 2659 9
62 2793 16
63 2852 7
64 2876 13
65 2922 5
66 2937 10
67 2969 4
68 2999 5
69 3005 7
70 3097 9
71 3140 15
72 3202 18
73 3258 11
74 3311 7
75 3362 10
76 3383 9
77 3416 37
78 3433 20
79 3462 3
80 3486 9
81 3509 12
82 3578 11
83 3613 7
84 3649 11
