1 0 46
2 14 32
3 26 20
4 68 53
5 79 6
6 79 42
7 160 9
8 269 21
9 332 37
10 417 5
11 536 70
12 574 32
13 586 20
14 642 64
15 747 15
16 858 8
17 1158 3
18 1255 21
19 1313 4
20 1409 57
21 1492 25
22 1519 16
23 1562 3
24 1579 22
25 1584 17
26 1614 2
27 1700 57
28 1769 7
29 1875 35
30 1914 35
31 1933 16
32 1968 23
33 1993 7
34 2085 6
35 2092 8
36 2222 51
37 2262 11
38 2369 15
39 2377 7
40 2406 81
41 2414 35
42 2425 6
43 2489 7
44 2535 7
45 2543 8
46 2560 66
47 2566 45
48 2609 2
49 2629 63
50 2639 10
51 2755 31
52 2784 2
53 2821 20
54 2868 4
55 2958 30
56 2982 6
57 2991 15
58 3010 33
59 3020 23
60 3044 11
61 3104 5
62 3104 16
63 3158 50
64 3167 28
65 3275 11
66 3290 48
67 3304 34
68 3315 23
69 3341 35
70 3355 21
71 3513 11
