1 21 7
2 59 13
3 74 14
4 78 10
5 91 27
6 120 2
7 218 23
8 264 6
9 272 4
10 278 9
11 289 11
12 303 8
13 359 9
14 371 17
15 389 7
16 473 5
17 523 3
18 598 2
19 627 1
20 771 3
21 771 23
22 775 19
23 796 7
24 824 16
25 831 9
26 992 9
27 1069 6
28 1076 37
29 1132 4
30 1167 50
31 1167 5
32 1174 7
33 1182 8
34 1242 4
35 1278 2
36 1386 3
37 1479 1
38 1561 3
39 1647 5
40 1700 3
41 1877 3
42 2033 18
43 2053 15
44 2070 15
45 2087 16
46 2105 25
47 2180 3
48 2329 35
49 2329 5
50 2336 7
51 2380 9
52 2555 5
53 2563 19
54 2611 19
55 2672 6
56 2690 2
57 2802 5
58 3017 6
59 3077 2
60 3224 5
61 3248 50
62 3248 6
63 3256 7
64 3302 3
65 3359 7
66 3518 3
67 3549 3
68 3744 6
69 3751 10
70 3787 8
71 3798 6
72 4055 8
73 4086 14
74 4102 5
75 4276 17
76 4295 5
77 4419 14
78 4461 28
79 4512 2
80 4531 63
81 4623 22
82 4666 34
83 4714 2
84 4835 3
85 4852 17
86 4852 26
87 4870 8
88 4880 18
89 4880 25
90 4899 6
91 4907 16
92 4907 9
93 4917 6
94 4925 5
95 5008 2
96 5074 2
97 5081 9
98 5133 1
99 5149 5
100 5244 4
101 5292 26
102 5292 50
103 5325 17
104 5376 4
105 5383 6
106 5422 1
107 5434 4
108 5434 11
109 5458 2
110 5537 2
111 5698 24
112 5724 7
113 5743 3
114 5781 3
115 5800 47
116 5940 5
117 5968 6
118 5991 2
119 6045 53
120 6066 32
121 6100 3
122 6122 3
123 6122 23
124 6126 19
125 6219 4
126 6241 2
127 6296 6
128 6303 6
129 6351 33
130 6394 7
131 6404 8
132 6450 12
133 6509 5
134 6523 2
135 6555 5
136 6573 25
137 6611 2
138 6627 3
139 6651 2
140 6683 5
