1 2 22
2 27 7
3 42 41
4 71 12
5 99 3
6 204 12
7 228 6
8 237 14
9 254 13
10 351 24
11 363 12
12 429 3
13 508 14
14 538 35
15 588 25
16 610 3
17 616 14
18 637 37
19 679 9
20 697 2
21 750 3
22 750 15
23 774 14
24 782 6
25 789 3
26 859 20
27 952 3
28 966 33
29 974 6
30 982 7
31 991 7
32 1001 13
33 1034 9
34 1055 12
35 1055 21
36 1077 3
37 1087 37
38 1131 34
39 1146 19
40 1162 3
41 1183 9
42 1224 7
43 1234 2
44 1234 10
45 1279 3
46 1312 24
47 1346 24
48 1384 12
49 1410 3
50 1428 4
51 1443 6
52 1454 49
53 1462 22
54 1486 8
55 1496 6
56 1514 9
57 1537 11
58 1550 26
59 1579 15
60 1608 23
61 1633 21
62 1656 19
63 1677 21
64 1701 18
65 1721 10
66 1782 4
67 1816 12
68 1822 6
69 1830 12
70 1838 4
71 1906 6
72 1926 4
73 1982 10
74 1994 3
75 2062 3
76 2144 4
77 2159 68
78 2187 40
79 2214 13
80 2242 8
81 2251 10
82 2333 4
83 2416 11
84 2450 11
85 2464 14
86 2498 11
87 2511 9
88 2543 23
89 2555 11
90 2574 25
91 2583 16
92 2618 22
93 2637 3
94 2651 5
95 2666 10
96 2677 2
97 2688 27
98 2712 3
99 2717 2
100 2747 15
101 2812 9
102 2835 2
103 2847 51
104 2872 26
105 2929 14
106 2936 7
107 2945 18
108 3016 7
109 3025 2
110 3032 21
111 3043 10
112 3061 2
113 3073 12
114 3079 6
115 3131 6
116 3147 31
117 3159 7
118 3190 12
119 3203 12
120 3217 11
121 3230 10
122 3242 9
123 3254 37
124 3301 8
