1 0 26
2 0 17
3 28 28
4 58 38
5 135 10
6 168 5
7 229 10
8 261 6
9 270 10
10 300 3
11 315 23
12 376 25
13 376 13
14 487 5
15 534 18
16 556 23
17 565 14
18 591 21
19 614 5
20 654 20
21 679 7
22 698 9
23 713 5
24 730 30
25 773 3
26 777 10
27 790 6
28 814 6
29 826 36
30 848 14
31 864 4
32 871 9
33 878 2
34 897 5
35 917 16
36 938 6
37 955 19
38 992 12
39 1008 5
40 1022 7
41 1034 12
42 1042 4
43 1101 13
44 1121 5
45 1129 8
46 1140 14
47 1159 13
48 1163 9
49 1201 8
50 1229 81
51 1247 23
52 1281 21
53 1287 6
54 1305 5
55 1331 6
56 1340 15
57 1357 5
58 1365 23
59 1391 6
60 1400 15
61 1435 7
62 1445 13
63 1460 8
64 1471 7
65 1480 8
66 1491 15
67 1509 8
68 1520 22
69 1531 11
70 1548 58
71 1558 48
72 1586 20
73 1596 10
74 1608 13
75 1637 3
76 1641 52
77 1682 11
78 1696 9
79 1708 9
80 1719 10
81 1732 15
82 1749 5
83 1757 16
84 1775 6
85 1785 9
86 1796 5
87 1804 7
88 1817 4
89 1852 7
90 1862 6
91 1870 9
92 1882 20
93 1904 6
94 1913 18
95 1936 18
96 1946 8
97 2027 12
98 2050 34
99 2072 12
100 2087 2
101 2111 12
102 2134 13
103 2158 23
104 2201 11
105 2227 31
106 2273 21
107 2311 24
108 2351 31
109 2419 12
110 2445 5
