1 0 6
2 16 6
3 73 31
4 80 24
5 127 24
6 145 6
7 209 7
8 255 6
9 315 7
10 345 8
11 400 15
12 429 6
13 558 18
14 570 6
15 579 7
16 711 6
17 721 21
18 774 13
19 781 6
20 888 21
21 911 7
22 1024 12
23 1041 3
24 1081 6
25 1103 3
26 1112 6
27 1120 7
28 1130 7
29 1188 6
30 1343 6
31 1353 12
32 1371 25
33 1387 9
34 1418 10
35 1443 12
36 1458 7
37 1483 6
38 1533 6
39 1591 14
40 1599 6
41 1639 6
42 1677 7
43 1687 3
44 1698 12
45 1756 2
46 1872 6
47 1881 8
48 2011 8
49 2040 7
50 2107 3
51 2111 6
52 2206 8
53 2318 6
54 2341 7
55 2349 6
56 2396 6
57 2418 7
58 2445 6
59 2510 10
60 2510 4
61 2524 15
62 2541 7
63 2578 7
64 2618 28
65 2624 11
66 2674 3
67 2678 34
68 2690 7
69 2729 10
70 2766 4
71 2818 7
72 2829 15
73 2878 6
74 2885 6
75 2906 2
76 2982 3
77 3044 7
78 3074 6
79 3082 6
80 3147 6
