1 0 17
2 20 14
3 54 41
4 123 24
5 133 14
6 155 26
7 218 6
8 226 20
9 249 24
10 274 12
11 326 3
12 374 9
13 385 5
14 523 6
15 530 35
16 622 9
17 633 5
18 669 3
19 674 4
20 708 30
21 743 5
22 749 45
23 770 24
24 811 85
25 811 23
26 1006 16
27 1280 40
28 1300 14
29 1322 15
30 1332 5
31 1354 22
32 1404 13
33 1474 12
34 1505 29
35 1767 18
36 1905 24
37 1919 10
38 1931 3
39 1935 8
40 1966 12
41 1980 28
42 2001 7
43 2072 6
44 2091 3
45 2186 28
46 2193 21
47 2204 10
48 2253 10
49 2260 3
50 2396 49
51 2440 5
52 2462 26
53 2648 3
54 2702 12
55 2748 5
56 2785 28
57 2815 7
58 2875 9
59 2915 8
60 2932 3
61 2958 16
62 2985 14
63 3000 10
64 3056 3
65 3060 12
66 3163 9
67 3190 8
68 3215 31
69 3256 6
70 3365 8
71 3390 7
72 3458 4
73 3508 12
74 3655 5
75 3739 6
76 4157 9
77 4201 9
78 4529 16
79 4560 20
80 4755 11
81 4817 6
82 4824 10
83 4918 13
84 4957 62
85 5287 9
86 5318 22
87 5390 3
88 5565 31
89 5613 7
90 5768 9
91 5779 12
92 5891 14
93 5908 11
94 5965 4
95 6008 10
96 6019 37
97 6027 29
98 6051 5
99 6103 88
100 6184 7
101 6193 7
102 6230 9
103 6260 17
104 6361 9
105 6445 17
106 6459 3
107 6498 3
108 6547 3
109 6594 27
110 6662 5
111 6699 58
112 6790 4
113 6883 12
114 6897 7
115 6952 10
116 7057 12
117 7082 45
118 7113 14
119 7191 3
120 7195 7
121 7213 6
122 7221 8
123 7231 4
124 7238 5
125 7265 5
126 7324 10
127 7351 10
128 7351 44
129 7447 17
130 7510 55
131 7567 7
132 7876 42
133 7899 10
134 7931 19
135 7955 7
136 8003 5
137 8015 2
138 8042 23
139 8088 5
140 8175 12
141 8190 12
142 8252 52
143 8263 41
144 8288 6
145 8326 16
146 8381 17
147 8400 7
148 8420 14
149 8650 9
150 8687 3
