1 0 4
2 52 15
3 62 5
4 108 59
5 120 47
6 128 21
7 191 60
8 213 38
9 237 14
10 264 60
11 333 59
12 345 47
13 353 21
14 394 17
15 432 27
16 454 5
17 467 10
18 570 32
19 587 9
20 674 15
21 684 5
22 685 4
23 693 19
24 726 17
25 755 58
26 799 14
27 839 66
28 846 59
29 859 17
30 892 4
31 921 13
32 939 8
33 981 28
34 989 20
35 1023 6
36 1074 13
37 1090 15
38 1116 55
39 1123 48
40 1178 3
41 1267 2
42 1270 32
43 1281 8
44 1327 7
45 1360 4
46 1373 13
47 1374 11
48 1426 7
49 1462 14
50 1492 4
51 1504 101
52 1526 14
53 1597 7
54 1610 7
55 1654 14
56 1655 12
57 1671 16
58 1690 24
59 1709 5
60 1757 14
61 1773 27
62 1781 3
63 1818 9
64 1830 7
65 1905 25
66 1914 16
67 1933 10
68 1945 17
69 1995 5
70 2059 15
71 2077 18
72 2098 3
73 2098 24
74 2116 6
75 2158 24
76 2184 30
77 2209 5
78 2228 76
79 2285 19
80 2312 2
81 2344 58
82 2379 23
83 2431 7
84 2448 18
85 2519 7
86 2579 7
87 2626 17
88 2678 81
89 2724 23
90 2751 8
91 2771 4
92 2787 28
93 2868 14
94 2878 4
95 2893 69
96 2911 6
97 2919 19
98 2941 21
99 2964 7
100 2993 5
101 3039 3
102 3093 14
103 3140 18
104 3185 2
105 3188 32
106 3223 5
107 3277 15
