1 0 3
2 4 27
3 44 5
4 44 11
5 67 35
6 88 14
7 104 39
8 105 8
9 115 6
10 146 13
11 171 46
12 171 3
13 220 25
14 224 21
15 282 26
16 311 15
17 330 8
18 350 19
19 372 13
20 408 49
21 416 41
22 451 2
23 460 3
24 466 3
25 486 3
26 502 3
27 506 23
28 535 21
29 562 26
30 594 25
31 625 23
32 654 14
33 740 14
34 750 4
35 765 6
36 823 3
37 833 15
38 851 17
39 898 9
40 926 12
41 952 3
42 980 2
43 1021 2
44 1032 32
45 1043 6
46 1086 8
47 1097 8
48 1156 6
49 1167 8
50 1245 9
51 1266 11
52 1286 2
53 1289 8
54 1321 2
55 1321 7
56 1331 2
57 1353 3
58 1393 1
59 1406 12
60 1406 5
61 1421 1
62 1444 2
63 1468 2
64 1482 3
65 1515 3
66 1515 19
67 1529 4
68 1537 2
69 1572 2
70 1586 3
71 1598 1
72 1614 3
73 1618 7
74 1627 2
75 1640 7
76 1654 17
77 1690 3
78 1732 2
79 1748 2
80 1774 2
81 1810 2
82 1822 3
83 1886 4
84 1893 2
85 1905 3
86 1921 9
87 1936 4
88 1952 4
89 1970 4
90 2014 2
91 2053 4
92 2124 3
93 2130 2
94 2142 3
95 2174 3
96 2212 21
97 2254 10
98 2277 2
99 2289 3
100 2305 4
101 2323 2
102 2348 3
103 2357 4
104 2367 2
105 2404 2
106 2433 4
107 2466 2
108 2480 3
109 2484 50
110 2507 3
111 2514 4
112 2537 2
113 2547 2
114 2611 2
115 2621 3
116 2636 2
117 2684 16
118 2703 5
119 2715 25
120 2744 11
121 2758 7
122 2774 6
123 2786 24
124 2803 7
125 2819 10
126 2834 1
127 2842 32
128 2852 22
129 2885 5
130 2905 14
131 2921 2
132 2948 9
133 2969 2
134 2984 4
135 3042 3
136 3050 8
137 3069 5
138 3097 1
139 3127 11
140 3144 3
141 3158 24
142 3173 3
143 3185 1
144 3216 1
145 3231 1
146 3247 18
147 3279 4
148 3306 11
149 3320 16
150 3357 14
151 3367 4
152 3377 17
153 3396 13
154 3426 15
155 3432 9
156 3474 8
157 3490 3
158 3494 18
159 3494 3
160 3574 4
161 3580 16
162 3601 7
163 3618 1
164 3625 1
165 3648 1
166 3658 2
