1 8 19
2 54 19
3 101 4
4 127 10
5 154 5
6 237 3
7 345 23
8 404 16
9 423 15
10 495 10
11 620 2
12 710 15
13 740 5
14 806 2
15 972 18
16 1034 5
17 1076 5
18 1148 5
19 1230 2
20 1259 43
21 1266 9
22 1305 19
23 1333 12
24 1356 44
25 1382 6
26 1394 5
27 1404 7
28 1419 76
29 1426 13
30 1511 65
31 1520 14
32 1578 13
33 1621 16
34 1640 16
35 1795 26
36 1823 10
37 1873 26
38 1962 6
39 2003 3
40 2012 3
41 2130 24
42 2150 4
43 2183 3
44 2245 43
45 2258 30
46 2291 6
47 2323 21
48 2464 30
49 2500 24
50 2709 62
51 2721 50
52 2805 11
53 2833 33
54 2889 26
55 2929 3
56 2990 8
57 3001 88
58 3107 10
59 3120 5
60 3185 3
61 3189 19
62 3230 4
63 3303 4
64 3379 21
65 3570 18
66 3577 11
67 3631 14
68 3756 7
69 3778 4
70 3811 15
71 3827 4
72 3878 96
73 3963 11
74 3977 22
75 3984 15
76 4062 72
77 4069 11
78 4082 20
79 4137 44
80 4144 12
81 4217 54
82 4283 11
83 4311 52
84 4366 27
85 4389 4
86 4429 14
87 4457 28
88 4487 97
89 4498 11
90 4586 22
91 4594 14
92 4610 13
93 4625 14
94 4641 13
