1 21 8
2 38 7
3 66 8
4 103 4
5 126 6
6 136 7
7 167 10
8 181 10
9 198 40
10 209 29
11 256 5
12 267 12
13 285 7
14 293 2
15 314 6
16 329 10
17 350 3
18 354 86
19 401 39
20 442 2
21 454 11
22 580 2
23 611 4
24 765 2
25 843 2
26 911 10
27 962 7
28 971 7
29 1094 21
30 1100 15
31 1138 8
32 1150 7
33 1175 4
34 1210 8
35 1230 6
36 1256 2
37 1329 12
38 1343 2
39 1355 2
40 1389 6
41 1433 2
42 1461 5
43 1467 7
44 1478 5
45 1492 26
46 1566 5
47 1599 10
48 1658 10
49 1766 3
50 1788 8
51 1823 2
52 1846 7
53 1855 36
54 1903 3
55 1920 2
56 1940 15
57 1966 8
58 1991 4
59 1991 48
60 2020 19
61 2033 6
62 2045 1
63 2058 7
64 2113 4
65 2131 10
66 2154 8
67 2166 61
68 2196 3
69 2264 10
70 2287 3
71 2294 2
72 2343 3
73 2411 3
74 2426 8
75 2467 8
76 2620 8
77 2667 3
78 2715 8
79 2742 8
80 2933 24
81 2952 5
82 2959 9
83 2975 5
84 3022 2
85 3065 3
86 3203 15
87 3222 2
88 3251 14
89 3274 12
90 3324 3
91 3358 3
92 3378 3
93 3401 3
94 3422 3
95 3445 3
96 3491 9
97 3504 2
98 3542 17
99 3554 5
100 3686 5
101 3718 3
102 3745 2
103 3794 3
104 3858 9
105 3878 3
106 3907 3
107 3944 3
108 3961 3
109 3985 3
110 3998 3
111 4028 3
112 4076 3
113 4161 5
114 4192 8
115 4217 5
116 4232 4
117 4237 17
118 4277 2
119 4358 16
120 4376 17
121 4381 12
122 4426 1
123 4468 2
124 4471 4
125 4503 2
126 4552 3
127 4576 1
128 4603 2
129 4606 4
130 4618 3
131 4618 12
132 4666 26
133 4688 4
134 4727 1
135 4846 2
136 4849 4
137 4867 8
138 4878 9
139 4883 4
