1 0 24
2 38 14
3 55 17
4 75 21
5 123 19
6 145 24
7 173 7
8 181 2
9 257 10
10 257 10
11 272 17
12 295 22
13 358 11
14 372 34
15 416 15
16 456 12
17 470 22
18 494 23
19 541 6
20 549 3
21 555 3
22 585 7
23 669 27
24 683 13
25 699 9
26 722 14
27 722 14
28 739 57
29 765 31
30 822 3
31 828 14
32 869 16
33 869 16
34 887 4
35 1030 2
36 1127 18
37 1154 20
38 1176 9
39 1203 7
40 1211 2
41 1305 10
42 1320 17
43 1343 22
44 1399 13
45 1456 8
46 1487 6
47 1574 3
48 1720 28
49 1767 17
50 1797 22
51 1820 18
52 1842 7
53 1861 12
54 1969 16
55 1987 50
56 2006 31
57 2147 2