1 10 25
2 60 19
3 80 8
4 131 19
5 152 122
6 182 17
7 230 2
8 250 6
9 287 48
10 352 15
11 369 40
12 413 7
13 421 6
14 455 4
15 566 19
16 586 36
17 598 9
18 692 3
19 707 19
20 771 10
21 858 9
22 869 22
23 879 12
24 894 10
25 929 5
26 950 3
27 960 24
28 967 9
29 1001 6
30 1019 2
31 1030 7
32 1047 6
33 1097 24
34 1125 18
35 1145 5
36 1247 3
37 1263 32
38 1298 30
39 1331 43
40 1340 6
41 1446 27
42 1480 3
43 1524 23
44 1538 9
45 1591 3
46 1622 41
47 1691 20
48 1706 5
49 1713 48
50 1735 26
51 1743 18
52 1765 18
53 1793 55
54 1806 25
55 1887 20
56 1931 68
57 2002 26
58 2012 16
59 2049 28
60 2081 6
61 2101 18
62 2110 9
63 2165 37
64 2172 7
65 2204 41
66 2231 14
67 2247 30
68 2259 18
69 2280 47
70 2290 37
71 2306 21
72 2311 16
73 2356 25
74 2477 19
75 2498 17
76 2551 22
77 2561 12
78 2575 24
79 2618 25
80 2664 26
81 2674 16
82 2711 28
83 2760 18
84 2769 9
85 2799 15
86 2799 35
87 2855 26
88 2855 41
89 2883 13
90 2917 40
91 2929 18
92 2979 43
93 3024 14