1 0 8
2 38 5
3 81 8
4 96 8
5 107 10
6 120 7
7 129 2
8 154 56
9 440 19
10 473 7
11 484 58
12 550 14
13 567 99
14 669 67
15 762 31
16 822 23
17 866 17
18 901 39
19 938 2
20 993 41
21 1014 20
22 1125 9
23 1164 16
24 1184 32
25 1232 24
26 1254 2
27 1269 23
28 1287 5
29 1290 2
30 1307 9
31 1346 16
32 1372 52
33 1509 2
34 1748 31
35 1792 23
36 1813 2
37 1825 19
38 1842 2
39 1871 5
40 1936 2
41 2034 6
42 2044 2
43 2089 29
44 2162 20
45 2193 63
46 2211 45
47 2311 6
48 2321 2
49 2721 2
50 2987 14
51 2995 6
52 3169 4
53 3280 8
54 3391 3
55 3503 39
56 3583 2
57 3839 2
58 3914 17
59 3934 8
60 3997 2
61 4112 3
62 4359 2
63 4379 39
64 4474 30
65 4507 41
66 4551 162
67 4788 15
68 4848 11
69 4910 3
70 5723 3
71 6396 13
72 6415 3
73 6805 3
74 6907 26
75 7178 21
76 7219 28
77 7250 17
78 7270 23
79 7314 4
80 7365 6
81 7388 17
82 7411 3
83 7962 5
84 8005 8
85 8034 8
86 8061 10
87 8090 7
88 8144 7
89 8222 27
90 8337 20
91 8455 9
92 8530 20
93 8998 8
94 9008 2
95 9032 57
96 9033 56
97 9233 16
98 9437 28
99 9468 22
100 9493 12
101 9582 39
102 9790 9
103 9861 4
104 9868 20
105 9905 3
106 10030 2
107 10035 3
108 10046 3
109 10080 3
110 10124 4
111 10151 9
112 10172 42
113 10172 7
114 10182 32
115 10217 7
116 10263 11
117 10882 11
118 10986 8
119 11053 9
120 11065 2
121 11115 12
122 11138 6
123 11147 11
124 11228 11
125 11250 2
126 11283 18
127 11304 2
128 11340 4
129 11366 3
130 11405 11
131 11564 48
132 11615 6
133 11688 11
134 11759 3
135 11779 6
136 11943 6
137 12160 2
138 12184 8
139 12370 2
140 12752 20
141 12806 16
142 12945 6
143 13043 17
144 13218 20
145 13275 2
146 13289 17
147 13423 3
148 13502 8
149 13529 19
150 13592 23
151 13618 17
152 13816 23
153 13842 5
154 13911 29
155 13969 20
156 14017 4
157 14031 3
158 14040 8
159 14176 11
160 14437 14
161 14469 3
162 14733 2
163 14777 11
164 14831 5
165 14998 6
166 15148 72
167 15223 162
168 15409 28
169 15438 17
170 15481 6
171 15490 23
172 15601 94
173 15699 104
174 15805 86
175 15818 59
176 15893 71
177 15922 25
