1 0 19
2 21 6
3 32 3
4 62 10
5 89 18
6 101 6
7 117 6
8 124 28
9 154 2
10 164 7
11 182 5
12 232 6
13 246 2
14 263 4
15 277 3
16 289 7
17 324 2
18 331 2
19 334 16
20 344 6
21 372 3
22 386 7
23 397 4
24 411 6
25 424 10
26 435 35
27 435 7
28 444 7
29 462 3
30 466 4
31 472 6
32 488 12
33 501 17
34 520 7
35 534 2
36 537 5
37 537 14
38 553 8
39 575 2
40 592 6
41 609 5
42 635 8
43 666 85
44 678 17
45 687 8
46 702 7
47 718 6
48 753 2
49 763 12
50 769 6
51 790 2
52 810 3
53 846 18
54 888 31
55 937 14
56 959 3
57 1005 11
58 1034 21
59 1050 5
60 1056 4
61 1097 8
62 1117 11
63 1162 7
64 1182 4
65 1187 5
66 1196 15
67 1197 14
