1 5 2
2 17 2
3 21 3
4 36 3
5 73 12
6 108 2
7 132 2
8 146 11
9 214 1
10 229 11
11 256 3
12 480 1
13 573 1
14 612 1
15 769 4
16 870 3
17 927 11
18 943 20
19 968 14
20 987 27
21 1019 27
22 1151 4
23 1164 4
24 1169 10
25 1236 1
26 1256 16
27 1263 9
28 1509 9
29 1520 13
30 1559 10
31 1577 4
32 1726 11
33 1744 1
34 1823 10
35 1952 4
36 1978 2
37 1987 16
38 2014 2
39 2091 26
40 2185 33
41 2185 14
42 2200 18
43 2221 18
44 2221 10
45 2232 7
46 2273 1
47 2304 11
48 2319 7
49 2420 15
50 2468 11
51 2507 3
52 2527 1
53 2555 4
54 2597 1
55 2637 14
56 2654 10
57 2687 2
58 2881 85
59 2957 9
60 2977 2
61 3017 2
62 3023 3
63 3052 7
64 3071 5
65 3094 4
66 3119 5
67 3164 2
68 3193 4
69 3317 11
70 3404 1
71 3514 28
72 3549 3
73 3587 5
74 3663 11
75 3675 2
76 3702 3
77 3725 3
78 3729 3
79 3741 3
80 4061 11
81 4260 6
82 4293 20
83 4293 11
84 4318 5
85 4353 15
86 4357 11
87 4369 3
88 4403 46
89 4403 11
90 4416 7
91 4431 3
92 4435 3
93 4509 2
94 4541 3
95 4978 12
96 4993 11
97 5054 1
98 5056 4
99 5466 11
100 5489 1
101 5526 1
102 5848 1
103 5911 7
104 6054 3
105 6076 50
106 6076 11
107 6090 3
108 6146 65
109 6250 16
110 6447 4
111 6620 1
112 6644 1
113 6658 2
114 6691 1
115 6782 4
116 6798 4
117 6819 4
118 6878 2
119 6887 11
120 7125 11
121 7176 3
122 7214 1
123 7273 4
124 7355 3
125 7360 1
126 7367 5
127 7383 3
128 7407 3
129 7541 11
130 7603 3
131 7648 3
132 7862 1
133 8453 4
134 8590 13
135 8601 2
136 8787 2
137 8928 2
138 9157 6
139 9194 3
140 9262 18
141 9286 3
142 9291 9
143 9311 3
144 9315 2
145 9331 37
146 9791 34
