1 0 31
2 10 6
3 41 32
4 50 8
5 106 26
6 115 17
7 135 12
8 183 6
9 199 7
10 234 18
11 255 8
12 265 3
13 292 6
14 317 24
15 335 6
16 353 65
17 420 16
18 451 6
19 460 11
20 516 5
21 524 5
22 532 7
23 594 14
24 644 7
25 653 5
26 672 28
27 708 24
28 715 17
29 726 6
30 742 20
31 748 14
32 765 5
33 780 10
34 846 21
35 854 13
36 875 17
37 904 2
38 925 4
39 957 21
40 966 12
41 1010 6
42 1019 8
43 1031 8
44 1072 6
45 1114 18
46 1114 29
47 1135 8
48 1149 5
49 1157 7
50 1213 24
51 1249 22
52 1326 21
53 1335 12
54 1391 6
55 1464 29
56 1480 13
57 1502 58
58 1634 6
59 1650 35
60 1687 7
61 1724 53
62 1742 10
63 1814 17
64 1843 9
65 1873 6
66 1881 9
67 1936 6
68 1951 5