1 70 2
2 79 110
3 147 8
4 159 2
5 159 30
6 171 18
7 413 24
8 426 11
9 455 4
10 460 31
11 479 12
12 494 113
13 502 105
14 528 79
15 574 33
16 602 5
17 645 12
18 672 18
19 725 63
20 739 7
21 749 3
22 749 10
23 762 26
24 771 17
25 795 122
26 819 16
27 819 3
28 836 81
29 860 11
30 873 2
31 879 16
32 1020 15
33 1030 5
34 1065 19
35 1092 2
36 1108 11
37 1147 23
38 1291 15
39 1354 8
40 1388 6
41 1396 3
42 1418 107
43 1470 21
44 1527 2
45 1571 34
46 1581 24
47 1607 7
48 1633 6
49 1666 3
50 1678 38
51 1692 24
52 1698 9
53 1721 7
54 1729 9
55 1778 17
56 1904 83
57 1980 7
58 2013 2
59 2183 15
60 2243 42
61 2288 25
62 2476 3
63 2742 13
64 2908 97
65 2945 20
66 2968 8
67 3057 3
68 3061 13
69 3147 30
70 3227 20
71 3236 11
72 3273 10
73 3341 5
74 3638 28
75 3721 2
76 3721 9
77 3862 28
78 3876 14
79 3882 7
80 3966 4
81 4053 10
82 4076 8
83 4197 6
84 4215 24
85 4223 16
86 4406 19
87 4415 10
88 4521 3
89 4526 4
90 4526 13
