1 10 6
2 41 8
3 52 29
4 61 20
5 85 11
6 91 5
7 108 56
8 162 2
9 170 107
10 217 60
11 227 20
12 251 26
13 279 16
14 337 28
15 359 6
16 376 3
17 391 9
18 448 44
19 509 5
20 515 29
21 520 6
22 529 6
23 565 26
24 597 12
25 612 10
26 640 5
27 716 18
28 725 9
29 816 21
30 835 2
31 1094 20
32 1104 10
33 1119 16
34 1125 10
35 1147 11
36 1163 3
37 1167 52
38 1198 9
39 1223 16
40 1270 10
41 1323 10
42 1360 5
43 1367 10
44 1387 6
45 1396 36
46 1457 13
47 1463 7
48 1487 3
49 1555 7
50 1593 19
51 1603 9
52 1643 5
53 1664 28
54 1703 66
55 1710 23
56 1735 7
57 1759 9