1 0 51
2 52 28
3 91 67
4 117 16
5 147 11
6 171 44
7 226 52
8 235 16
9 254 14
10 280 28
11 311 46
12 368 67
13 394 16
14 424 11
15 437 15
16 454 16
17 482 11
18 496 73
19 502 9
20 584 29
21 676 28
22 767 65
23 825 7
24 879 3
25 997 24
26 1027 33
27 1062 43
28 1107 10
29 1119 14
30 1135 20
31 1151 4
32 1157 6
33 1165 9
34 1176 7
35 1185 6
36 1200 4
37 1205 3
38 1360 13
39 1360 5
40 1374 15
41 1492 6
42 1517 38
43 1529 26
44 1557 7
45 1576 59
46 1638 1
47 1714 19
48 1751 1
49 1778 2
50 1783 55
51 1783 5
52 1946 15
53 1964 18
54 1964 5
55 1995 26
56 2026 3
57 2063 2
58 2130 11
59 2152 11
60 2243 10
61 2346 10
62 2391 13