1 0 49
2 0 42
3 43 6
4 43 3
5 47 2
6 80 38
7 120 7
8 183 70
9 223 4
10 228 25
11 264 12
12 278 10
13 332 44
14 378 24
15 433 16
16 438 11
17 479 6
18 563 16
19 576 3
20 617 6
21 638 59
22 669 28
23 702 6
24 725 117
25 758 50
26 812 7
27 832 10
28 876 173
29 934 29
30 941 22
31 947 16
32 966 6
33 1051 13
34 1058 6
35 1078 19
36 1092 5
37 1129 9
38 1200 6
39 1249 9
40 1272 3
41 1307 3
42 1367 69
43 1392 3
44 1392 9
45 1452 10
46 1463 24
47 1551 29
48 1557 23
49 1583 13
50 1598 23
51 1633 3
52 1639 110
53 1711 38
54 1746 3
55 1761 10
56 1871 18
57 1943 3
58 1951 58
59 1998 11
60 2011 22
61 2044 32
62 2057 3
63 2122 7
64 2142 10
65 2156 76
66 2238 26
67 2302 16
68 2307 11
69 2326 16
70 2344 5
71 2375 3
72 2391 28
73 2428 8
74 2440 3
75 2474 11
76 2500 14
77 2551 3
78 2594 2
79 2606 49
80 2644 11
81 2649 6
82 2688 48
83 2733 3
84 3055 28
85 3100 18
86 3208 6
87 3215 27
88 3245 22
89 3270 16
90 3276 10
91 3307 3
92 3384 29
93 3389 10
94 3400 2
95 3403 10
96 3452 18
97 3465 5
98 3472 3
99 3501 9
100 3691 9
101 3723 5
102 3723 11
103 3746 3
104 3768 7
105 3779 3
106 4015 13
107 4128 18
108 4162 6
109 4197 3
