1 0 21
2 24 5
3 30 37
4 69 21
5 115 27
6 115 10
7 126 16
8 188 49
9 190 9
10 260 10
11 260 30
12 292 13
13 308 17
14 355 7
15 372 9
16 391 10
17 427 25
18 474 18
19 496 7
20 504 45
21 523 12
22 552 14
23 592 33
24 665 9
25 698 15
26 794 23
27 854 19
28 878 11
29 932 28
30 986 3
31 1000 7
32 1015 35
33 1210 8
34 1285 16
35 1302 4
36 1363 55
37 1363 10
38 1422 6
39 1521 46
40 1574 15
41 1592 17
42 1632 8
43 1659 108
44 1676 8
45 1694 6
46 1702 5
47 1709 6
48 1717 5
49 1724 9
50 1735 7
51 1744 3
52 1749 10
53 1762 5
54 1779 3
55 1812 8
56 1921 27
57 1930 8
58 1962 18
59 1962 9
