1 0 24
2 7 17
3 18 6
4 26 24
5 33 17
6 44 6
7 56 2
8 60 3
9 79 36
10 98 17
11 109 6
12 134 3
13 219 6
14 229 20
15 261 17
16 305 10
17 367 27
18 388 6
19 491 3
20 512 66
21 545 32
22 571 6
23 602 21
24 609 14
25 704 16
26 714 6
27 788 20
28 849 29
29 872 6
30 916 20
31 956 2
32 982 14
33 998 6
34 1060 3
35 1116 6
36 1144 17
37 1151 10
38 1192 20
39 1240 2
40 1301 18
41 1323 16
42 1368 20
43 1397 14
44 1405 6
45 1424 2
46 1436 47
47 1445 38
48 1456 27
49 1477 6
50 1485 6
51 1503 27
52 1557 23
53 1599 22
54 1626 2
55 1696 6
