1 0 8
2 10 10
3 116 10
4 130 14
5 169 9
6 223 8
7 246 2
8 312 5
9 394 11
10 413 3
11 445 8
12 469 39
13 521 3
14 538 9
15 619 2
16 631 9
17 671 21
18 694 23
19 719 40
20 762 17
21 781 7
22 1011 2
23 1051 9
24 1169 9
25 1286 6
26 1303 2
27 1354 9
28 1372 4
29 1416 2
30 1456 10
31 1495 3
32 1555 38
33 1566 8
34 1587 6
35 1647 9
36 1739 2
37 1799 6
38 1808 10
39 1832 15
40 2056 10
41 2224 14
42 2267 11
43 2279 15
44 2296 145
45 2443 4
46 2695 4
47 2725 3
48 3128 7
49 3160 4
50 3356 18
51 3391 4
52 3477 29
53 3756 2
54 4020 4
55 4076 2
56 4295 2
57 4324 4
58 4389 11
59 4403 3
60 4496 3
61 4527 5
62 4555 6
63 4660 2
64 4889 3
65 4917 8
66 4933 5
67 5021 2
68 5031 9
69 5185 2
70 5213 10
71 5230 6
72 5331 3
73 5356 8
74 5412 3
75 5438 9
76 5452 6
77 5466 2
78 5572 8
79 5605 6
80 5787 3
81 5933 10
82 5980 6
83 6277 3
84 6327 3
85 6332 9
86 6560 23
87 6601 3
88 6710 12
89 6786 7
90 6862 11
91 6931 10
92 6973 10
93 6989 13
94 7071 6
95 7104 6
96 7123 6
97 7400 2
98 7410 12
99 7431 15
100 7438 2
101 7462 3
102 7488 7
103 7498 8
104 7529 3
105 7586 3
106 7619 3
107 7638 3
108 7648 2
109 7730 3
110 7811 10
111 7842 3
112 8141 6
113 8187 3
