1 0 5
2 27 21
3 130 19
4 151 18
5 183 3
6 212 2
7 216 11
8 289 1
9 304 1
10 341 4
11 378 4
12 383 9
13 427 2
14 452 1
15 461 2
16 717 2
17 821 1
18 963 1
19 1277 49
20 1427 1
21 1461 10
22 1545 7
23 1573 7
24 1631 3
25 1715 4
26 1916 4
27 1951 9
28 1968 4
29 2000 41
30 2005 4
31 2126 4
32 2151 3
33 2151 13
34 2738 5
35 2778 2
36 2906 3
37 3267 1
38 3346 8
39 3359 4
40 3546 8
41 3564 4
42 3634 1
43 3733 5
44 3740 5
45 3747 5
46 3768 5
47 3832 19
48 3853 28
49 3883 5
50 3890 12
51 3904 3
52 3967 8
53 4029 4
54 4079 1
55 4139 8
56 4178 4
57 4205 3
58 4252 1
59 4273 8
60 4393 15
61 4411 21
62 4664 3
63 4814 6
64 5010 6
65 5117 8
66 5128 6
67 5232 9
68 5562 6
69 6048 5
70 6065 1
71 6073 1
72 6080 4
73 6224 8
74 6372 1
75 6719 1
76 6749 1
77 6775 3
78 6798 17
79 6825 2
80 6853 1
81 6865 5
82 6884 2
83 6926 1
84 7004 4
85 7015 21
86 7065 3
87 7212 8
88 7242 1
89 7628 23
90 7684 2
91 7706 1
92 7726 3
93 7863 23
94 8175 5
95 8181 1
96 8321 1
97 8385 25
98 8961 2
99 9073 3
100 9083 15
101 9110 1
102 9160 3
103 9183 2
104 9187 6
105 9198 5
106 9263 2
107 9290 4
108 9305 7
109 9315 11
110 9337 1
111 9376 1
112 9579 3
113 9628 5
114 9666 3
115 9786 10
116 9798 3
117 9961 9
118 9996 4
119 10037 8
120 10049 6
121 10067 23
122 10108 3
123 10145 23
124 10266 23
125 10531 1
126 10548 1
127 10559 1
128 10634 9
129 10646 23
130 10708 3
131 10764 1
132 10781 1
133 10865 3
134 10870 23
135 10968 1
136 11014 22
137 11053 23
138 11084 18
139 11173 20
140 11200 1
141 11213 9
142 11265 6
143 11275 6
144 11341 1
145 11347 3
146 11352 23
147 11432 3
148 11541 7
149 11553 7
150 11562 18
151 11604 8
152 11616 8
153 11628 3
154 11639 2
155 11642 3
156 11723 2
157 11746 1
158 11787 4
159 11804 2
160 11835 1
161 11838 7
162 11856 4
163 11952 2
164 11956 8
165 12106 6
166 12128 2
167 12134 4
168 12234 7
169 12250 5
170 12350 18
171 12382 17
172 12498 18
173 12598 22
174 12665 23
175 12690 4
176 12900 23
177 12933 44
178 12989 1
179 13009 13
180 13019 3
181 13023 3
182 13070 2
183 13100 3
184 13105 23
185 13151 5
186 13173 3
187 13178 23
188 13233 3
189 13259 2
190 13274 23
191 13299 2
192 13331 3
193 13336 23
194 13363 1
195 13395 4
196 13470 23
197 13611 18
198 13634 1
199 13637 1
200 13640 1
201 13691 5
202 13700 3
203 13704 5
204 13726 3
205 13754 1
206 13808 15
207 13856 7
208 13872 7
209 13989 40
210 14074 1
211 14083 1
212 14087 6
213 14097 4
214 14261 2
215 14306 8
216 14338 7
217 14464 3
218 14480 3
219 14492 6
220 14505 1
221 14532 7
222 14556 6
223 14583 7
224 14604 2
225 14627 1
226 14637 2
227 14687 22
228 14742 8
229 14789 2
230 14821 1
231 14852 3
232 14890 3
233 14897 3
234 14907 7
235 14965 8
236 14975 8
237 15008 13
238 15023 24
239 15055 4
240 15092 18
241 15164 1
242 15260 19
243 15282 1
244 15284 3
245 15427 1
246 15503 8
247 15547 9
248 15590 38
249 15658 12
250 15729 8
251 15750 1
252 15894 12
253 16074 48
254 16108 14
255 16124 12
256 16165 4
257 16170 18
258 16209 19
259 16357 1
260 16443 29
261 16544 23
262 16569 25
263 16626 12
264 16740 15
265 16808 2
266 16877 10
267 16943 3
268 16948 23
269 16995 3
270 17022 3
271 17073 25
272 17176 17
273 17228 25
274 17294 23
275 17319 17
276 17338 18
277 17364 17
278 17393 23
279 17418 1
280 17433 31
281 17469 5
282 17486 17
283 17523 3
284 17536 4
285 17602 17
286 17641 25
287 17690 23
288 17818 7
289 17830 18
290 17857 23
291 17929 18
292 18064 1
293 18098 1
294 18119 2
295 18130 4
296 18136 18
297 18156 8
298 18168 11
299 18198 3
300 18241 18
301 18275 2
302 18323 1
303 18350 3
304 18367 1
305 18521 1
306 18588 8
307 18593 3
308 18621 4
309 18666 13
310 18745 4
311 18780 29
312 18819 5
313 18842 1
314 18871 11
315 18945 3
316 18971 18
317 19004 2
318 19007 4
319 19041 1
320 19100 2
321 19121 4
322 19165 24
323 19219 1
324 19259 4
325 19265 4
326 19336 1
327 19353 2
328 19369 8
329 19453 1
330 19497 23
331 19524 1
332 19529 3
333 19534 9
334 19547 23
335 19580 18
336 19600 15
337 19631 8
338 19641 7
339 19649 3
340 19655 10
341 19692 1
342 19694 3
343 19705 8
344 19777 1
345 19779 3
346 19784 12
347 19877 10
348 19897 2
349 20021 12
350 20037 2
351 20075 3
352 20173 3
353 20223 1
354 20261 35
355 20386 18
356 20427 3
357 20453 3
358 20460 1
359 20498 1
360 20508 3
361 20512 11
362 20540 1
363 20556 1
364 20561 4
365 20678 4
366 20730 2
367 20770 10
368 20782 10
369 20811 8
370 20821 1
371 20836 4
372 20862 2
373 20956 1
374 21057 2
375 21073 16
376 21144 6
377 21211 4
378 21220 3
379 21234 3
380 21268 2
381 21278 10
382 21380 1
383 21386 2
384 21415 1
385 21425 6
386 21472 35
387 21514 3
388 21623 10
389 21651 3
390 21656 3
391 21695 6
392 21814 18
393 21857 8
394 21869 1
395 22013 2
396 22017 17
397 22036 12
398 22058 1
399 22072 3
400 22090 12
401 22124 12
402 22140 5
403 22197 2
404 22215 2
405 22266 1
406 22320 2
407 22343 2
408 22467 2
409 22480 5
410 22494 3
411 22504 4
412 22509 17
413 22595 17
414 22672 2
415 22767 3
416 22883 2
417 22961 2
418 23124 3
419 23206 3
420 23311 10
421 23378 2
422 23447 14
423 23464 5
424 23471 5
425 23488 3
426 23578 1
427 23637 11
428 23667 2
429 23879 3
430 23892 5
431 23952 3
432 23989 1
433 24063 5
434 24070 1
435 24186 1
436 24424 4
437 24460 7
438 24469 14
439 24516 1
440 24570 18
441 24610 18
442 24672 8
443 24682 1
444 24695 1
445 24729 2
446 24775 1
447 24786 8
448 24807 7
449 24822 2
450 24918 3
451 24955 9
452 24994 3
453 25078 24
454 25104 14
455 25169 19
456 25211 10
457 25255 3
458 25284 3
459 25322 1
460 25345 1
461 25467 2
462 25543 2
463 25575 4
464 25615 1
465 25648 1
466 25871 1
467 25919 18
468 25954 1
469 25986 1
470 25998 3
471 26011 1
472 26036 1
473 26072 6
474 26111 3
475 26133 9
476 26144 1
477 26172 2
478 26175 4
479 26202 10
480 26214 2
481 26230 1
482 26279 4
483 26313 6
484 26334 4
485 26414 17
486 26436 23
487 26519 20
488 26543 23
489 26629 11
490 26689 7
491 26715 23
492 26859 7
493 26921 3
494 26955 8
495 26968 19
496 27035 2
497 27038 4
498 27059 1
499 27061 3
500 27091 7
501 27137 2
502 27163 2
503 27210 1
504 27230 2
505 27255 3
506 27301 8
507 27343 1
508 27368 1
509 27375 5
510 27385 12
511 27392 5
512 27424 2
513 27427 2
514 27467 1
515 27539 8
516 27569 1
517 27615 7
518 27716 3
519 27779 6
520 27814 7
521 27833 1
522 27835 3
523 27944 18
524 28006 2
525 28107 12
526 28131 1
527 28312 3
528 28316 4
529 28366 1
530 28543 3
531 28607 3
532 28667 9
533 28678 1
534 28721 8
535 28743 1
536 28783 5
537 28789 4
538 28810 2
539 28814 5
540 28970 2
541 29051 1
542 29276 4
543 29368 11
544 29385 16
