1 0 16
2 39 3
3 76 47
4 130 47
5 171 6
6 189 1
7 198 17
8 275 2
9 293 6
10 305 2
11 363 4
12 398 28
13 420 6
14 466 2
15 472 5
16 487 7
17 593 4
18 616 6
19 651 1
20 669 5
21 718 28
22 767 20
23 798 1
24 814 16
25 868 63
26 875 12
27 890 9
28 1006 16
29 1044 12
30 1094 3
31 1199 11
32 1221 5
33 1261 11
34 1339 17
35 1358 13
36 1401 16
37 1448 39
38 1467 3
39 1498 3
40 1498 10
41 1616 3
42 1639 16
43 1671 86
44 1781 12
45 1831 6
46 1866 16
47 2024 16
48 2282 16
49 2315 22
50 2363 3
51 2378 2
52 2506 7
53 2523 3
54 2595 1
55 2644 6
56 2693 3
57 2796 2
58 2857 1
59 2872 2
60 2885 4
61 2966 23
62 3007 3
63 3028 2
64 3168 1
65 3181 6
66 3223 2
67 3226 3
68 3263 6
69 3290 4
70 3320 1
71 3333 3
72 3358 3
73 3386 8
74 3445 13
75 3475 1
76 3490 6
77 3512 3
