1 0 8
2 19 8
3 54 36
4 60 30
5 110 40
6 114 36
7 127 23
8 154 19
9 162 11
10 167 6
11 221 52
12 227 30
13 299 34
14 312 6
15 385 2
16 449 3
17 453 9
18 465 7
19 492 40
20 496 36
21 509 23
22 536 19
23 544 11
24 549 6
25 602 2
26 635 40
27 687 3
28 711 4
29 761 19
30 769 11
31 774 6
32 782 13
33 842 2
34 847 8
35 905 16
36 933 6
37 942 6
38 1022 6
39 1107 33
40 1134 6
41 1193 6
42 1224 3
43 1238 2
44 1262 2
45 1267 23
46 1330 9
47 1343 6
48 1402 6
49 1491 6
50 1499 2
51 1512 32
52 1521 23
53 1555 13
54 1580 8
55 1609 15
56 1634 6
57 1641 45
58 1663 23
59 1715 64
60 1721 41
61 1756 6
62 1781 13
63 1796 17
64 1815 16
65 1833 15