1 0 4
2 18 17
3 53 8
4 76 9
5 98 77
6 129 46
7 138 13
8 215 14
9 232 10
10 248 2
11 252 10
12 264 8
13 275 17
14 294 3
15 342 7
16 352 3
17 362 3
18 379 17
19 399 2
20 427 8
21 482 9
22 493 3
23 518 4
24 562 8
25 639 9
26 975 8
27 1054 23
28 1103 3
29 1167 12
30 1188 27
31 1252 27
32 1259 5
33 1267 12
34 1267 2
35 1304 10
36 1350 16
37 1369 14
38 1392 12
39 1424 49
40 1487 2
41 1523 7
42 1533 12
43 1582 6
44 1621 9
45 1658 12
46 1674 6
47 1756 9
48 1798 11
49 1811 3
50 1837 2
51 1837 7
52 1863 9
53 1892 17
54 1943 8
55 1969 3
56 2003 20
57 2014 9
58 2051 4
59 2070 4
60 2144 25
61 2180 7
62 2211 19
63 2222 8
64 2261 3
65 2294 17
66 2400 9
67 2441 5
68 2459 7
69 2487 2
70 2526 5
71 2558 5
72 2595 23
73 2682 5
74 2716 9
75 2757 7
76 2777 3
77 2789 5
78 2858 2
79 2900 18
80 2949 5
81 2957 9
82 2984 2
83 3021 31
84 3078 2
85 3102 5
86 3141 8
87 3151 3
88 3246 9
89 3267 19
90 3303 6
91 3344 6
92 3373 5
93 3403 5
94 3459 9
95 3517 6
96 3549 6
97 3575 5
98 3594 8
99 3609 5
100 3623 9
101 3652 4
102 3730 7
103 3743 5
104 3755 9
105 3776 5
106 3802 3
107 3817 6
108 3825 8
109 3879 3
110 3928 8
111 3943 5
112 3985 6
113 4011 11
114 4018 4
115 4033 2
116 4104 17
117 4123 4
118 4145 9
119 4179 17
120 4201 19
121 4280 57
122 4321 16
123 4374 6
124 4382 4
125 4391 11
126 4441 2
127 4467 5
128 4562 4
129 4568 3
130 4573 11
131 4589 10
132 4623 10
133 4636 8
134 4653 8
135 4727 21
136 4750 3
137 4799 20
138 4890 16
139 4901 5
140 4924 5
141 4933 23
142 4978 3
143 5039 9
144 5120 5
145 5189 5
146 5252 4
147 5291 8
148 5353 9
149 5398 10
150 5423 2
151 5471 9
152 5507 7
153 5507 2
154 5528 17
155 5566 8
156 5582 4
157 5587 5
158 5605 4
159 5610 4
160 5709 6
161 5726 9
162 5808 4
163 5864 5
164 5948 14
