1 0 4
2 47 12
3 53 6
4 72 12
5 80 4
6 125 20
7 150 11
8 228 5
9 234 6
10 256 8
11 370 7
12 403 22
13 505 17
14 516 6
15 560 25
16 566 19
17 587 45
18 599 33
19 620 3
20 626 6
21 642 4
22 685 10
23 709 7
24 731 17
25 760 91
26 773 61
27 864 3
28 930 3
29 939 17
30 1027 3
31 1039 2
32 1050 17
33 1071 3
34 1102 3
35 1106 3
36 1173 36
37 1179 30
38 1211 2
39 1261 9
40 1282 7
41 1330 18
42 1361 3
43 1423 20
44 1448 11
45 1526 5
46 1532 6
47 1574 2
48 1603 2
49 1626 25
50 1725 31
51 1740 16
52 1851 10
53 1858 3
54 1921 6
55 1939 2
56 1982 46
57 1991 24
58 2008 7
59 2048 28
60 2175 19
61 2186 8
62 2258 2
63 2501 6
64 2512 4
65 2537 73
66 2549 33
67 2570 3
68 2576 6
69 2703 7
70 2768 19
71 2797 7
72 2928 35
73 2934 3
74 2941 7
75 2965 8
76 3049 3
77 3055 8
78 3224 16
79 3233 7
80 3243 66
81 3259 28
82 3290 19
83 3378 7
84 3540 8