1 21 33 1
2 48 6 2
3 62 14 3
4 74 2 2
5 101 14 4
7 235 33 1
8 262 6 2
9 305 31 5
10 358 5 5
11 368 4 5
12 392 23 5
13 446 45 6
14 470 21 4
15 507 2 6
17 570 2 2
19 658 10 2
20 658 22 3
21 682 14 4
22 699 2 2
23 714 18 7
24 835 11 8
25 869 3 8
26 895 16 7
27 966 14 4
28 982 6 9
29 990 10 9
30 1003 6 10
31 1011 68 10
32 1082 6 11
33 1090 92 11
34 1185 6 12
35 1193 63 12
36 1259 6 13
37 1267 9 13
38 1295 6 2
39 1348 14 4
40 1463 14 4
42 1626 2 2
44 1645 2 2
46 1724 14 4
47 1760 6 2
48 1784 27 14
49 1797 14 4
50 1814 6 2
51 1855 21 15
52 1894 2 7
53 1897 14 4
54 1992 14 14
55 2064 2 15
56 2076 10 2
