1 0 24 1
2 26 24 1
3 88 30 2
6 134 28 3
7 230 14 4
8 256 16 1
9 319 17 1
10 338 17 1
11 483 8 1
12 512 5 4
13 557 17 1
14 581 28 5
15 611 7 5
16 662 8 1
17 696 7 5
18 804 26 5
19 812 18 1
20 853 23 2
22 921 30 4
23 987 50 2
25 1030 7 5
27 1125 24 4
29 1246 31 2
30 1294 32 4
31 1354 31 2
32 1397 34 2
33 1434 42 6
34 1444 32 7
35 1477 11 6
36 1543 14 8
37 1584 30 6
39 1634 14 7
40 1642 6 8
41 1664 11 6
42 1714 7 2
43 1723 46 9
45 1828 23 2
46 1867 11 9
47 1888 52 9
48 1942 25 9
49 2007 23 6
51 2044 16 1
53 2104 18 1
56 2156 15 10
58 2200 15 10
59 2223 41 11
61 2273 18 1
62 2292 25 11
64 2368 33 2
65 2424 22 12
66 2480 22 2
67 2527 26 12
68 2612 66 13
70 2652 26 12
71 2694 7 14
72 2703 2 13
73 2789 34 12
76 2908 17 1
77 2953 36 13
78 2982 7 14
79 3004 16 1
80 3063 30 15
81 3086 7 16
82 3095 3 15
83 3137 31 2
84 3201 48 9
85 3251 37 17
86 3281 7 16
87 3322 31 2
88 3369 26 12
89 3397 15 17
91 3457 3 17
92 3481 40 9
94 3608 23 6
96 3686 10 13
97 3694 2 14
98 3698 17 15
99 3706 9 16
100 3752 16 1
102 3795 15 4
103 3813 31 2
104 3874 17 3
105 3893 27 3
106 3923 23 4
107 3961 15 18
108 3980 14 2
109 3997 15 19
110 4019 14 19
111 4049 13 20
112 4049 5 19
113 4064 28 20
114 4116 18 1
115 4177 14 18
116 4205 36 4
117 4243 28 20
118 4291 50 3
120 4343 28 20
125 4435 9 20
126 4483 16 1
128 4525 9 20
129 4557 31 2
130 4590 9 20
131 4625 9 21
132 4673 31 2
133 4706 13 21
134 4759 3 21
135 4779 48 6
137 4879 3 21
138 4899 49 9
139 4950 20 22
140 5026 33 4
141 5062 23 23
142 5175 9 20
145 5234 21 23
146 5269 18 22
147 5304 30 3
149 5364 16 4
151 5454 17 24
152 5481 7 24
153 5530 16 4
