1 17 21 1
3 78 18 1
4 121 11 1
5 144 18 1
7 196 20 2
8 244 19 1
9 291 9 3
10 322 7 4
11 336 2 3
12 426 45 5
14 589 7 3
15 642 12 6
16 681 16 2
17 724 3 2
18 750 8 3
20 846 16 1
26 1021 3 3
27 1067 5 4
28 1138 15 7
29 1201 5 4
30 1337 27 8
31 1357 7 4
32 1414 8 3
33 1428 3 3
34 1549 10 3
35 1565 4 3
36 1660 21 8
37 1674 7 4
38 1713 10 9
39 1745 7 4
40 1782 2 9
43 2102 12 6
44 2125 2 6
45 2163 18 10
46 2174 7 4
47 2329 15 11
48 2376 2 11
49 2553 12 6
51 2716 18 10
52 2727 7 4
53 2775 18 1
54 2803 3 1
55 2822 15 1
56 2839 10 1
57 2851 10 1
58 2863 16 1
59 2897 37 2
60 2941 93 12
61 2967 4 3
62 3049 7 2
63 3059 22 12
64 3074 7 4
65 3189 5 4
66 3295 3 4
67 3314 5 4
68 3411 19 2
69 3447 27 5
71 3648 16 1
72 3746 5 4
73 3772 18 10
74 3783 7 4
75 3813 16 13
76 3878 2 13
77 3893 8 4
78 4001 8 3
79 4017 25 14
80 4036 6 15
81 4046 2 14
82 4075 9 16
83 4106 5 17
84 4150 8 16
85 4333 5 17
86 4341 6 15
89 4447 6 15
90 4606 5 17
91 4817 13 7
92 4833 20 2
93 4857 10 1
94 4890 2 7
95 4961 16 8
96 4970 7 4
97 5020 3 4
98 5035 13 18
99 5063 53 19
100 5108 7 4
101 5118 67 20
103 5216 58 21
104 5307 12 19
105 5369 19 20
106 5417 16 22
107 5426 7 4
108 5436 3 4
109 5436 16 5
110 5640 13 23
111 5676 2 23
114 5816 10 18
115 5829 61 20
116 6015 3 20
117 6053 44 24
118 6205 8 25
119 6219 3 25
120 6262 37 26
122 6316 5 4
123 6331 3 4
124 6367 2 26
125 6372 3 4
126 6388 3 4
127 6450 8 3
128 6459 12 24
129 6473 2 3
130 6533 3 24
131 6574 3 3
132 6648 26 5
133 6704 16 22
134 6713 7 4
135 6722 24 20
136 6817 3 20
137 6872 42 27
138 6977 2 27
139 7008 25 5
140 7043 9 5
141 7094 7 4
142 7135 13 27
145 7417 13 28
146 7432 2 28
147 7509 8 3
148 7586 7 4
149 7595 3 4
150 7695 17 29
151 7707 5 3
152 7764 3 29
153 7843 8 4
154 7989 20 6
155 8044 2 6
156 8074 7 4
157 8117 26 30
158 8149 6 30
159 8204 3 30
160 8435 5 4
161 8517 16 31
162 8535 7 31
163 8543 2 31
164 8682 18 1
165 8739 3 1
166 8769 51 32
167 8799 21 33
168 8831 3 32
169 8896 11 33
170 8918 33 20
171 8962 3 20
172 9137 7 3
173 9164 18 1
174 9197 4 3
175 9214 4 1
176 9344 19 1
177 9434 3 1
178 9459 5 34
179 9466 7 34
180 9514 31 32
181 9524 21 33
182 9568 2 33
183 9686 7 4
184 9997 32 35
185 10031 3 35
186 10212 10 35
187 10264 3 35
188 10302 48 36
189 10329 21 1
190 10353 45 37
191 10414 6 36
192 10425 6 37
193 10481 8 3
194 10501 16 22
195 10510 7 4
196 10554 3 3
197 10711 10 38
198 10766 3 38
199 10837 17 22
200 10847 7 4
201 10913 3 4
202 11164 40 39
203 11188 16 22
204 11197 7 4
205 11214 3 39
206 11368 21 40
207 11392 2 40
208 11623 19 1
209 11863 16 22
210 11872 7 4
211 12083 21 1
212 12147 28 22
213 12257 20 1
214 12329 2 1
215 12376 4 3
216 12404 6 3
217 12473 6 3
218 12473 14 41
219 12532 4 41
220 12553 4 3
221 12686 25 42
222 12762 3 42
223 12903 33 43
225 13005 25 44
226 13065 10 44
227 13078 4 43
228 13154 7 4
231 13723 13 45
232 13739 3 45
233 13768 5 4
234 13818 8 46
235 13864 4 46
236 13970 8 3
237 14136 7 4
238 14172 3 4
239 14256 64 47
240 14312 8 4
241 14345 3 47
242 14431 31 48
243 14517 3 48
244 14562 22 49
245 14661 2 49
246 14933 16 22
247 14942 7 4
248 15047 7 4
249 15080 5 50
250 15175 2 50
251 15221 5 50
252 15236 2 50
253 15336 7 3
254 15368 3 51
255 15390 4 51
256 15428 2 3
257 15485 4 3
258 15512 54 52
260 15652 6 52
262 15740 8 53
263 15780 11 54
264 15818 3 54
265 15914 85 55
266 16015 25 56
267 16026 14 53
268 16056 5 56
269 16086 11 55
270 16120 2 55
271 16180 7 57
272 16200 13 58
273 16226 8 58
274 16254 2 57
276 16280 8 53
277 16317 15 59
278 16339 4 59
279 16391 8 53
280 16472 19 60
281 16530 3 60
282 16721 28 22
285 17009 3 61
286 17075 3 61
287 17179 22 62
288 17312 3 62
289 17333 5 62
290 17379 42 63
291 17486 2 63
292 17568 25 64
295 17680 8 53
296 17757 21 20
297 17790 22 64
298 17832 3 64
299 17948 13 64
300 18086 8 3
301 18138 5 3
302 18168 13 64
303 18185 16 22
304 18194 7 4
305 18392 5 3
306 18413 5 4
307 18428 3 3
308 18582 16 1
309 18735 5 65
310 18759 10 66
311 18800 2 66
312 18827 8 67
313 18877 8 3
314 18923 2 67
315 18947 8 3
317 19125 5 68
318 19229 6 68
319 19360 7 4
320 19387 5 65
321 19506 5 68
322 19524 3 68
323 19632 5 68
324 19717 5 68
325 19773 6 65
326 19980 18 21
327 20020 19 21
328 20055 6 65
329 20091 29 22
330 20100 20 1
