1 0 49 1
3 43 6 2
5 47 2 3
6 80 38 4
7 120 7 4
8 183 70 5
10 228 25 6
13 278 10 5
16 433 16 7
17 438 11 6
18 479 6 5
20 576 3 8
21 617 6 5
22 638 59 9
23 669 28 10
24 702 6 5
26 758 50 11
27 812 7 11
28 832 10 6
31 941 22 12
32 947 16 4
33 966 6 3
35 1058 6 5
37 1092 5 11
38 1129 9 4
39 1200 6 5
40 1249 9 4
41 1272 3 13
42 1307 3 4
44 1392 3 4
45 1392 9 12
46 1452 10 6
48 1551 29 12
49 1557 23 4
50 1583 13 14
52 1633 3 1
55 1746 3 2
58 1943 3 13
60 1998 11 6
62 2044 32 15
63 2057 3 13
64 2122 7 15
66 2156 76 16
68 2302 16 7
69 2307 11 6
71 2344 5 16
72 2375 3 13
73 2391 28 14
74 2428 8 14
75 2440 3 16
76 2474 11 6
77 2500 14 4
78 2551 3 4
79 2594 2 4
84 2733 3 2
86 3100 18 10
87 3208 6 3
89 3245 22 17
90 3270 16 9
91 3276 10 10
92 3307 3 17
93 3384 29 18
94 3389 10 14
95 3400 2 3
96 3403 10 14
98 3465 5 18
99 3472 3 17
101 3691 9 10
102 3723 5 10
103 3723 11 9
104 3746 3 10
105 3768 7 19
106 3779 3 10
108 4128 18 14
109 4162 6 19
110 4197 3 8
