1 33 3 1
2 166 10 2
3 173 3 1
4 229 3 2
5 299 9 3
6 357 3 4
7 414 3 4
8 577 18 5
9 635 11 3
10 671 22 5
11 723 3 5
12 758 2 1
13 1381 22 6
14 1415 3 1
15 1578 4 6
16 1601 4 6
17 1627 4 6
18 1643 2 1
19 1730 12 7
20 1778 188 8
21 1984 3 8
22 2009 42 9
23 2352 4 9
24 2382 3 9
25 2429 3 9
26 2871 8 10
27 3031 3 10
28 3358 9 5
29 3556 22 11
30 3645 23 12
31 3729 4 12
32 3822 3 1
33 3919 79 11
34 4127 1 13
35 4706 13 14
36 4744 3 14
37 4868 10 15
38 4913 12 7
39 4926 13 15
40 5010 21 16
41 5040 1 13
42 5081 123 16
43 5104 5 13
44 5211 4 13
45 5407 1 13
46 5420 8 16
47 5441 2 16
48 5444 4 13
49 5504 1 13
50 5520 36 17
51 5575 4 17
52 5663 28 17
53 5722 1 13
54 5785 35 17
55 5869 3 17
56 5901 2 17
57 5940 3 13
58 5977 23 18
59 6052 3 18
60 6057 1 13
61 6112 3 18
62 6119 3 13
63 6144 3 18
64 6167 1 13
65 6180 3 13
66 6184 8 16
67 6202 8 16
68 6277 3 1
69 6297 9 17
70 6340 16 16
71 6412 7 18
72 6444 4 13
73 6466 1 13
74 6470 3 18
75 6520 1 13
76 6545 23 16
77 6557 4 13
78 6641 8 19
79 6641 3 13
80 6725 4 19
81 6732 1 13
82 6754 4 19
83 6795 2 19
84 6854 1 13
85 6887 3 19
86 6922 4 13
87 6929 11 15
88 6967 21 16
89 7036 3 16
90 7049 16 18
91 7108 1 13
92 7157 8 16
93 7333 6 13
94 7442 1 13
95 7514 2 20
96 7540 3 20
97 7572 1 13
98 7836 4 13
99 8086 21 16
100 8110 3 13
101 8206 1 13
102 8229 6 1
103 8321 3 13
104 8350 3 13
105 8362 3 13