1 0 26 1
3 28 28 1
4 58 38 1
5 135 10 2
6 168 5 1
7 229 10 2
8 261 6 1
9 270 10 2
10 300 3 2
11 315 23 3
12 376 25 4
14 487 5 4
15 534 18 3
16 556 23 5
19 614 5 5
20 654 20 2
21 679 7 2
22 698 9 3
23 713 5 1
24 730 30 6
25 773 3 6
26 777 10 2
27 790 6 7
29 826 36 6
30 848 14 8
33 878 2 2
35 917 16 9
36 938 6 7
37 955 19 3
42 1042 4 6
43 1101 13 8
44 1121 5 6
45 1129 8 10
46 1140 14 11
48 1163 9 10
49 1201 8 8
71 1558 48 9
73 1596 10 2
74 1608 13 12
75 1637 3 12
77 1682 11 3
86 1796 5 13
88 1817 4 2
96 1946 8 12
97 2027 12 8
98 2050 34 14
100 2087 2 14
101 2111 12 11
102 2134 13 13
