1 0 13 1
2 15 13 1
3 36 11 1
4 72 50 2
5 124 14 3
6 149 23 4
7 186 7 2
8 203 8 1
10 281 22 5
11 309 62 1
12 320 26 6
14 349 22 7
15 387 7 1
16 421 5 1
17 444 12 8
18 459 15 9
19 506 3 7
20 512 5 6
22 560 5 8
23 568 5 9
24 599 20 10
25 635 6 9
26 662 5 1
27 670 5 8
28 783 7 5
29 807 3 7
30 813 5 6
31 866 14 2
32 897 3 7
33 903 5 6
34 950 7 6
35 961 3 6
36 1004 5 1
37 1033 7 6
38 1063 5 8
40 1092 5 6
41 1133 5 7
42 1139 7 1
43 1172 5 9
44 1180 5 10
46 1204 5 8
47 1220 6 8
49 1269 7 11
50 1287 7 2
51 1296 13 1
52 1340 7 1
53 1379 3 12
54 1408 5 13
55 1424 7 13
57 1465 3 7
58 1478 5 6
59 1485 7 1
60 1505 3 13
61 1534 5 1
62 1551 4 14
63 1570 5 13
64 1577 3 1
65 1600 7 14
66 1618 5 15
67 1625 7 15
68 1648 5 1
69 1648 11 16
71 1697 18 16
72 1721 3 15
73 1725 7 1
74 1744 4 14
75 1759 2 14
76 1803 5 8
77 1810 7 8
78 1849 16 17
79 1875 6 1
80 1887 2 1
81 1925 4 14
82 1931 5 1
83 1955 7 14
84 1977 3 18
85 2016 2 14
88 2111 7 1
89 2146 3 1
91 2193 5 8
92 2216 5 6
93 2244 2 6
94 2279 3 6
95 2293 4 1
96 2315 2 1
97 2333 7 19
98 2370 7 1
99 2389 2 19
101 2404 2 1
102 2417 6 20
103 2425 5 21
104 2437 4 14
105 2444 7 20
106 2470 5 8
107 2503 7 6
108 2512 3 8
109 2528 5 1
110 2547 3 8
111 2555 7 20
112 2565 7 1
113 2623 7 1
114 2667 5 1
115 2695 6 1
116 2729 3 1
117 2754 24 22
118 3007 2 1
119 3007 25 23
120 3036 7 23
121 3072 3 1
122 3078 6 20
123 3105 7 1
124 3137 3 1
126 3159 16 24
127 3186 4 24
128 3226 16 24
129 3261 7 1
130 3270 2 24
131 3294 7 1
132 3354 7 1
133 3385 10 25
134 3397 7 25
135 3444 7 1
136 3468 2 1
137 3474 7 26
138 3502 7 1
139 3517 2 25
140 3525 2 1
142 3547 13 21
143 3562 6 20
145 3595 6 26
146 3605 5 20
147 3620 5 1
148 3690 5 1
150 3746 14 27
152 3770 3 1
154 3784 5 23
155 3791 3 27
156 3803 7 1
157 3849 7 1
158 3907 3 1
159 3919 15 23
160 3953 7 1
161 3973 2 1
162 4003 7 1
163 4030 16 17
165 4068 2 1
166 4089 3 1
168 4156 7 1
169 4166 6 28
170 4174 7 28
171 4226 2 28
172 4240 7 1
173 4265 2 1
174 4269 7 1
175 4300 3 1
176 4317 3 28
177 4336 2 1
179 4379 7 29
180 4405 3 1
181 4451 7 1
182 4478 5 13
183 4486 9 30
184 4515 4 14
185 4532 7 1
186 4557 6 28
187 4565 6 20
188 4589 8 1
189 4602 3 1
190 4630 13 20
191 4658 6 20
192 4676 5 20
193 4716 7 1
194 4726 2 20
195 4743 16 31
196 4761 7 31
197 4776 4 20
198 4782 7 1
199 4821 4 14
200 4833 5 13
203 4876 7 14
204 4892 4 14
205 4909 7 1
206 4924 2 1
207 4947 2 14
208 4987 5 13
209 5007 5 13
210 5029 2 13
212 5051 6 32
213 5065 4 14
214 5092 7 1
215 5109 9 30
216 5121 5 13
217 5146 4 14
218 5156 2 14
220 5233 9 18
221 5274 5 6
222 5305 6 1
223 5332 3 1
224 5338 5 8
225 5348 8 30
226 5358 7 1
227 5378 7 6
228 5378 2 1
229 5411 5 6
230 5418 7 1
231 5447 3 6
232 5500 3 1
233 5517 5 33
234 5524 7 33
237 5615 7 1
238 5642 5 33
239 5675 5 33
240 5695 2 33
241 5742 5 33
242 5762 2 33
243 5776 7 1
244 5808 3 1
245 5814 7 34
246 5836 7 1
247 5846 5 33
248 5876 5 33
250 5966 2 33
251 6015 7 1
252 6043 5 13
253 6069 5 33
255 6089 7 1
256 6120 13 35
258 6163 7 1
259 6172 5 13
260 6200 7 1
262 6234 2 35
263 6263 2 13
264 6307 5 13
265 6314 7 1
266 6335 2 13
267 6346 6 1
268 6366 5 33
269 6373 7 33
270 6428 7 1
271 6438 19 36
272 6459 7 36
273 6537 7 1
275 6601 15 35
276 6626 3 35
278 6653 20 37
279 6675 7 37
280 6683 2 35
281 6692 7 1
282 6709 3 35
283 6736 5 13
284 6807 7 1
285 6829 5 13
286 6844 2 1
287 6920 7 35
288 6930 2 35
290 6974 7 1
291 6984 7 1
292 7003 7 13
293 7027 2 13
294 7072 5 13
295 7119 5 13
296 7143 7 1
297 7167 7 35
298 7202 9 30
299 7244 7 35
300 7299 6 35
301 7332 7 1
303 7361 5 17
304 7372 7 1
306 7468 5 13
309 7551 7 35
310 7560 7 35
313 7623 3 13
314 7644 7 38
315 7669 7 35
316 7708 6 35
318 7737 5 13
319 7751 2 13
320 7756 7 1
321 7788 8 12
322 7817 7 38
323 7838 11 35
324 7863 7 1
325 7884 7 39
326 7893 7 39
327 7938 8 30
328 7962 5 30
329 8004 15 40
330 8031 12 41
331 8047 7 41
332 8069 8 30
333 8079 3 30
334 8128 14 1
335 8145 7 30
336 8173 7 1
337 8191 2 1
338 8191 11 42
339 8214 7 42
340 8222 3 1
341 8237 24 22
342 8275 7 1
343 8301 6 20
344 8355 7 39
345 8363 3 20
346 8385 7 1
347 8415 7 1
348 8446 8 30
349 8475 6 39
350 8484 2 39
351 8501 8 30
352 8518 3 39
353 8548 7 30
354 8584 6 39
356 8627 8 30
357 8652 7 1
358 8663 7 1
359 8691 7 39
360 8730 8 30
361 8745 2 40
362 8785 3 30
363 8799 16 42
364 8808 7 1
365 8819 8 30
367 8857 7 1
368 8873 7 39
369 8884 3 40
370 8900 3 39
372 8960 5 1
373 8975 5 39
375 9031 3 39
377 9042 2 40
379 9087 13 43
380 9117 5 32
381 9135 3 43
382 9151 7 1
383 9183 9 30
384 9206 2 30
385 9261 5 39
386 9323 7 1
387 9341 4 39
388 9350 5 39
389 9371 8 38
390 9397 6 39
391 9397 11 44
392 9410 7 44
393 9426 5 1
395 9457 5 1
396 9486 6 45
397 9494 7 45
399 9545 17 46
400 9589 3 45
401 9595 8 47
402 9605 7 1
403 9631 25 46
405 9648 8 30
406 9690 6 45
407 9698 3 1
408 9719 6 39
409 9727 7 39
410 9742 5 45
411 9770 8 30
412 9798 9 46
413 9798 4 30
414 9809 8 30
415 9827 7 46
417 9894 4 45
418 9917 7 1
419 9933 5 46
420 9941 24 30
421 9941 2 46
422 9978 8 47
423 9988 5 39
425 10021 7 1
426 10101 3 1
427 10146 3 1
428 10155 10 48
429 10167 7 48
430 10181 2 1
431 10181 9 6
433 10202 2 1
434 10243 4 32
435 10254 2 1
436 10257 5 32
439 10290 3 1
440 10305 3 32
441 10342 19 49
442 10342 3 32
444 10368 3 1
449 10457 5 39
450 10464 7 49
451 10502 6 39
452 10521 5 1
453 10528 4 32
454 10543 7 49
455 10554 7 1
456 10574 2 1
457 10615 6 32
458 10656 6 39
459 10676 3 39
460 10694 7 1
461 10705 13 11
462 10719 7 1
463 10748 6 50
464 10756 3 1
465 10900 3 1
466 10904 4 1
467 10945 17 17
468 11002 13 29
469 11019 7 1
470 11042 6 50
471 11052 2 1
472 11100 5 13
473 11108 8 30
474 11130 2 1
477 11216 6 29
478 11227 14 34
479 11244 7 1
480 11261 6 50
481 11356 3 1
482 11370 6 50
483 11538 7 2
484 11613 3 2
485 11618 36 4
486 11657 2 4
489 11693 11 14
490 11730 18 51
492 11771 8 52
493 11782 5 51
494 11783 12 51
496 11806 2 52
499 11834 29 53
500 11874 6 54
501 11884 5 53
503 11899 7 54
504 11923 6 2
506 12070 2 53
507 12081 11 55
508 12305 6 52
509 12324 2 52
510 12371 2 52
511 12429 19 56
513 12473 7 56
514 12491 4 56
515 12537 3 52
516 12569 1 56
517 12587 3 52
518 12633 2 52
519 12651 3 55
520 12703 16 57
521 12788 3 57
522 12824 23 4
524 12924 12 3
525 12929 7 1
526 12950 7 4
528 13050 7 1
