1 11 11 1
2 40 20 2
3 158 1 3
4 176 38 2
5 188 4 3
6 241 41 2
7 253 8 4
8 297 3 2
9 358 4 3
10 462 56 2
11 584 72 5
12 660 3 5
13 683 23 6
14 798 4 3
15 863 14 5
16 887 3 3
17 951 14 6
18 986 6 7
19 1010 26 7
20 1154 31 8
21 1175 10 2
22 1187 1 3
23 1215 3 2
24 1228 21 9
25 1251 7 9
26 1302 13 10
27 1335 7 8
28 1344 7 8
29 1373 9 6
30 1395 3 3
31 1499 2 8
32 1554 10 2
33 1565 2 11
34 1801 17 12
35 1945 23 1
36 1964 4 13
37 2196 17 12
38 2287 16 2
39 2320 6 14
40 2338 3 2
41 2370 18 12
42 2575 12 15
43 2626 3 16
44 2773 3 11
45 2884 4 13
46 3021 21 1
47 3038 4 13
48 3044 2 11
49 3105 14 17
50 3126 3 17
51 3333 18 2
52 3360 2 2
53 3405 139 2
54 3558 7 18
55 3568 3 18
56 3572 12 19
57 3587 6 20
58 3596 7 21
59 3608 3 19
60 3614 6 21
61 3631 10 2
62 3642 29 4
63 3685 13 22
64 3812 5 15
65 3820 3 15
66 3865 3 11
67 3865 9 2
68 3920 3 2
69 3930 14 8
70 4040 13 18
71 4087 7 23
72 4097 3 23
73 4144 7 24
74 4162 8 24
75 4171 9 2
76 4292 9 23
77 4311 8 22
78 4336 8 22
79 4426 21 9
80 4467 13 10
81 4489 18 16
82 4550 12 22
83 4564 14 8
84 4596 18 12
85 4644 27 25
86 4978 8 26
87 5051 13 27
88 5067 18 28
89 5094 6 29
90 5112 13 29
91 5129 6 27
92 5151 9 26
93 5176 6 30
94 5184 6 28
95 5228 16 28
96 5316 8 26
97 5346 7 26
98 5354 8 25
99 5457 22 25
100 5480 4 26
101 5543 6 26
102 5636 6 31
103 5672 10 25
104 5693 10 2
105 5739 6 30
106 5790 6 31
107 5872 6 25
108 6003 13 29
109 6097 10 25
110 6110 19 32
111 6131 8 32
112 6194 21 33
113 6235 9 34
114 6284 2 34
115 6449 12 34
116 6467 3 34
117 6497 29 35
118 6571 22 35
119 6583 10 36
120 6598 68 36
121 6669 6 35
122 6713 9 32
123 6727 25 37
124 6754 32 37
125 6974 6 8
126 7094 6 30
127 7211 17 2
128 7234 3 2
129 7312 4 2
130 7329 4 2
131 7359 6 20
132 7369 15 38
133 7376 8 8
134 7397 7 38
135 7439 8 2
136 7503 9 2
137 7551 13 2
138 7591 11 24
139 7674 8 2
140 7756 3 2
141 7842 10 25
142 7932 6 8
143 7939 27 33
144 7958 8 32
145 8101 17 39
146 8174 17 39
147 8253 8 34
148 8269 2 34
149 8470 6 30
150 8535 11 1
151 8578 44 40
152 8638 2 40
153 8676 56 2
154 8724 8 4
155 8773 5 41
156 8807 2 41
157 8847 2 41
158 8872 6 14
159 8882 6 14
160 8892 6 14