1 20 23 1
2 36 7 2
3 76 84 3
5 101 59 4
6 125 8 5
8 170 2 3
9 207 18 2
10 227 10 2
11 260 20 1
12 260 4 2
13 299 3 1
14 318 6 2
15 407 7 6
16 424 70 7
17 577 7 2
18 624 12 8
19 646 2 8
20 674 8 5
21 736 174 7
22 1098 55 9
23 1159 2 9
24 1242 6 2
25 1284 7 7
26 1422 12 2
27 1485 7 2
28 1507 6 10
29 1546 7 6
30 1557 18 7
31 1599 8 2
34 1717 8 2
35 1728 27 7
36 1728 3 2
37 1767 2 2
38 1834 7 10
39 1856 3 10
40 1875 4 10
41 1909 7 7
42 1933 2 10
43 2123 19 11
44 2144 3 11
45 2215 12 10
46 2429 7 2
47 2470 14 8
48 2518 3 8
49 2553 2 2
50 2606 17 4
51 2625 14 10
52 2640 3 2
53 2750 34 2
54 2792 8 5
