1 0 24 1
2 38 14 2
3 55 17 3
5 107 35 1
6 123 19 4
7 145 24 1
8 173 7 5
9 181 2 1
10 257 10 4
11 272 17 3
13 358 11 4
14 364 5 1
15 372 34 4
16 409 22 6
18 456 12 6
19 470 22 6
20 494 23 6
24 585 7 5
25 669 27 4
26 683 13 6
27 699 9 4
28 722 14 2
29 739 57 4
30 765 31 1
31 822 3 4
33 869 16 3
34 887 4 4
35 1030 2 4
36 1127 18 4
37 1133 12 1
39 1176 9 1
40 1203 7 5
41 1211 2 1
42 1305 10 4
43 1320 17 3
45 1399 13 7
46 1422 8 7
48 1476 9 8
49 1487 6 7
50 1497 5 8
51 1574 3 7
54 1791 47 9
57 1842 7 9
