1 0 17 1
3 80 5 2
4 129 3 1
5 165 17 3
6 218 12 1
7 322 12 1
8 384 3 1
10 483 2 1
11 494 17 1
12 513 7 1
13 559 14 4
14 645 5 2
15 653 3 1
16 696 10 2
18 799 6 5
19 864 10 5
21 920 18 6
22 962 14 4
23 992 12 1
24 1019 2 1
25 1073 4 1
26 1092 2 1
28 1203 2 6
29 1206 31 7
30 1239 6 7
31 1249 13 8
32 1287 6 5
33 1352 17 1
34 1446 1 8
35 1491 4 1
36 1516 5 2
37 1531 2 8
38 1534 37 9
39 1573 16 9
40 1656 6 10
41 1716 12 1
42 1739 2 8
44 1782 12 1
45 1808 3 1
46 1830 2 1
47 1907 1 1
48 1973 11 10
49 1999 1 1
50 2067 17 1
51 2087 1 1
52 2192 10 11
53 2239 14 11
54 2286 3 11
55 2368 5 2
56 2374 17 1
58 2431 3 1
62 2636 5 2
63 2719 15 3
64 2747 2 3
65 2777 26 12
66 2786 17 1
67 2806 24 13
68 2852 26 12
69 2861 17 1
71 2964 26 12
72 2973 17 1
73 3072 6 10
74 3088 3 14
76 3121 6 10
77 3231 2 1
78 3231 11 12
79 3266 19 15
80 3292 16 13
81 3305 3 14
82 3311 6 10
83 3326 9 15
84 3336 14 3
85 3396 6 10
86 3494 29 1
