1 0 26 1
2 28 28 1
3 58 38 1
4 135 10 2
5 168 5 1
6 229 10 2
7 261 6 1
8 270 10 2
9 300 3 2
10 315 23 3
11 376 25 4
12 487 5 4
13 534 18 3
14 556 23 5
15 614 5 5
16 654 20 2
17 679 7 2
18 698 9 3
19 713 5 1
20 730 30 6
21 773 3 6
22 777 10 2
23 790 6 7
24 826 36 6
25 848 14 8
26 878 2 2
27 917 16 9
28 938 6 7
29 955 19 3
30 1042 4 6
31 1101 13 8
32 1121 5 6
33 1129 8 10
34 1140 14 11
35 1163 9 10
36 1201 8 8
37 1558 48 9
38 1596 10 2
39 1608 13 12
40 1637 3 12
41 1682 11 3
42 1796 5 13
43 1817 4 2
44 1946 8 12
45 2027 12 8
46 2050 34 14
47 2087 2 14
48 2111 12 11
49 2134 13 13