1 0 9 1
2 24 7 2
3 54 7 3
4 63 9 4
5 111 10 3
6 134 27 5
7 145 6 6
8 154 7 3
9 169 21 7
10 232 8 8
11 259 31 9
12 272 18 1
13 283 7 3
14 305 9 7
15 368 8 8
17 494 22 9
19 546 6 10
20 583 12 5
21 596 20 7
22 634 7 5
23 684 7 3
24 749 14 11
25 754 9 12
26 784 16 5
27 790 10 13
28 927 23 14
29 939 11 3
30 965 22 5
31 977 10 13
33 1103 6 2
34 1133 16 15
35 1190 8 8
36 1239 20 6
37 1270 6 10
38 1333 8 12
39 1350 3 12
40 1385 6 6
41 1425 6 6
42 1583 8 3
43 1594 7 6
44 1603 2 10
45 1704 20 6
46 1737 7 3
49 1813 6 6
50 1855 5 2
51 1863 9 1
52 1887 6 16
55 1997 7 3
57 2027 48 17
58 2046 28 5
59 2058 6 6
60 2067 7 3
61 2156 28 12
62 2177 7 3
63 2221 11 5
64 2267 20 17
65 2281 6 16
66 2289 20 2
67 2317 7 17
68 2395 2 5
69 2449 5 2
70 2456 6 2
71 2456 18 1
72 2475 16 2
73 2485 6 6
74 2543 9 1
75 2562 7 17
76 2572 7 2
77 2596 19 17
78 2609 6 16
79 2637 2 1
80 2703 19 14
81 2715 7 3
82 2748 9 1
83 2770 3 1
84 2801 31 12
85 2814 18 14
86 2826 6 3
87 2900 16 1
88 2900 10 3
92 3033 9 1
93 3046 5 15
94 3123 9 12
95 3147 6 1
96 3160 9 1
97 3202 10 3
98 3202 18 15
100 3288 29 12
101 3308 8 8
102 3319 2 15
103 3381 7 3
104 3392 10 3
105 3431 4 15
107 3478 7 3
108 3532 58 4
109 3542 48 18
110 3608 10 3
111 3635 14 11
112 3640 9 12
113 3661 34 1
114 3672 7 3
115 3702 3 1
116 3798 10 3
117 3852 3 18
118 3906 8 8
119 3925 8 19
120 3935 9 1
121 3945 21 19
122 3997 3 19
123 4012 3 1
124 4035 55 20
126 4072 3 18
127 4106 2 20
