1 0 4 1
2 13 10 2
3 34 7 3
4 43 10 2
5 64 7 3
6 341 12 1
7 369 3 1
8 369 9 4
12 574 9 5
13 585 3 5
15 634 25 4
16 638 21 1
17 656 3 6
21 785 12 1
24 892 16 1
25 914 6 7
27 989 11 8
28 995 5 1
29 1044 18 8
32 1132 6 7
33 1175 25 1
35 1197 3 6
36 1223 6 7
37 1318 100 9
38 1342 26 1
39 1357 11 10
40 1431 3 9
44 1582 5 1
46 1634 9 1
47 1780 3 6
48 1811 23 11
50 1871 2 11
52 2084 34 1
54 2184 39 12
56 2206 5 1
59 2346 18 12
61 2411 3 12
62 2491 28 13
63 2553 3 13
64 2582 7 13
65 2639 5 1
66 2669 6 14
67 2692 3 14
68 2743 8 15
69 2754 3 15
71 2787 6 1
72 2869 3 1
73 2894 5 1
75 3013 28 16
77 3057 17 1
78 3112 4 16
80 3156 31 17
81 3167 20 18
82 3192 7 18
84 3275 12 1
85 3299 2 17
86 3329 4 17
87 3394 32 19
88 3470 17 20
90 3504 3 19
93 3606 38 1
94 3674 5 20
95 3715 5 1
96 3723 58 21
100 3863 12 1
101 3884 11 10
102 3949 10 21
103 4055 5 1
104 4081 11 1
105 4108 2 1
108 4758 18 1
109 4773 3 6
110 4862 3 1
111 4907 16 4
112 4934 3 1
