1 11 23 1
3 36 4 2
4 66 19 3
5 144 25 1
6 188 4 1
10 314 4 2
17 527 19 4
22 742 4 2
27 922 4 2
31 1022 20 5
32 1044 7 5
33 1143 43 6
37 1278 41 7
39 1298 21 3
40 1325 25 1
44 1425 9 1
52 1673 39 8
53 1723 5 8
54 1738 62 4
57 1802 47 9
58 1858 4 9
59 1868 28 6
63 2034 19 1
64 2076 43 7
65 2088 21 3
67 2132 18 3
68 2191 3 3
69 2211 5 3
70 2236 4 3
71 2275 18 7
74 2306 11 10
76 2339 6 7
77 2358 9 3
78 2436 4 3
79 2467 6 1
80 2481 9 3
81 2537 6 11
82 2596 1 3
83 2629 11 10
84 2651 8 3
86 2683 6 3
87 2715 5 7
89 2818 42 12
91 2871 8 12
92 2886 16 7
93 2892 10 3
94 2920 6 7
95 2928 31 13
96 3008 3 13
97 3042 3 13
99 3123 7 7
104 3225 30 14
105 3289 5 14
107 3354 5 7
108 3401 3 7
109 3448 7 7
110 3506 11 3
111 3525 8 3
112 3580 10 11
