1 23 5 1
2 31 6 2
3 67 18 3
4 134 3 3
5 158 7 4
8 319 18 3
9 353 7 5
10 391 6 6
11 399 2 3
17 494 8 7
18 507 3 3
19 534 5 5
20 543 4 8
21 555 7 9
22 605 3 3
23 657 2 3
24 715 4 8
25 729 20 10
26 751 16 11
27 769 19 12
28 790 19 13
30 847 19 3
32 897 22 14
33 936 6 2
34 944 16 15
35 949 11 16
36 1006 2 15
37 1035 7 16
38 1120 3 15
40 1166 6 9
41 1192 2 16
42 1223 7 15
43 1250 7 9
44 1330 2 15
45 1455 3 15
46 1533 17 14
47 1565 3 14
48 1642 2 14
49 1692 3 15
50 1856 7 16
51 1865 7 15
52 2003 3 15
53 2070 6 15
54 2078 9 10
56 2107 9 13
58 2127 9 12
60 2147 9 3
62 2199 18 3
63 2220 6 17
64 2244 3 17
65 2261 2 3
66 2308 3 3
67 2338 3 3
68 2420 2 3
69 2441 5 4
70 2481 5 1
72 2539 18 3
73 2559 3 3
74 2621 16 9
77 2713 11 18
78 2725 6 19
79 2734 17 20
81 2796 11 18
82 2809 9 20
83 2871 4 8
84 2923 13 21
85 2959 3 20
86 2976 17 20
89 3054 40 22
90 3099 3 22
91 3266 21 20
92 3297 11 18
93 3335 2 18
94 3374 9 23
95 3386 16 11
96 3404 17 3
97 3424 19 13
98 3447 16 24
99 3479 16 20
101 3521 11 18
103 3546 21 10
104 3588 18 9
105 3608 7 15
108 3669 7 16
109 3679 6 19
110 3748 17 20
111 3766 17 23
114 3827 4 23
115 3871 16 24
117 3920 6 19
118 3949 17 20
119 4000 6 19
120 4047 6 19
121 4087 4 25
122 4114 3 25
123 4135 18 3
125 4200 6 19
126 4281 5 26
128 4403 6 19
129 4511 16 27
130 4553 3 18
131 4571 3 18
133 4636 6 19
134 4644 19 28
135 4665 18 3
136 4685 20 13
138 4721 7 29
139 4742 11 30
140 4871 7 30
142 4984 7 29
143 5055 11 30
144 5085 11 30
145 5182 6 22
146 5189 10 30
147 5213 2 30
149 5300 6 19
150 5327 16 27
151 5375 9 28
152 5579 14 29
153 5595 7 29
154 5646 10 30
155 5791 11 30
156 5859 3 30
157 5889 7 29
158 5914 9 31
159 5927 16 30
160 5953 9 30
161 5963 3 31
162 5983 3 29
163 5997 6 29
165 6040 17 30
166 6062 4 29
168 6161 11 30
170 6244 6 2
171 6253 9 32
174 6409 13 21
175 6434 8 4
177 6507 18 3
178 6527 3 3
179 6566 2 3
183 6638 20 1
184 6691 2 3
185 6710 3 3
186 6723 5 4
187 6742 18 3
188 6768 12 33
190 6851 13 1
191 6937 18 3
192 6985 20 1
193 7038 8 34
194 7047 2 35
196 7088 6 33
198 7115 17 20
199 7174 8 34
200 7199 9 35
202 7277 3 34
203 7284 14 36
205 7322 3 35
206 7338 18 3
207 7380 2 3
208 7429 5 36
209 7443 2 3
211 7491 6 36
212 7532 9 34
213 7542 9 35
214 7574 2 35
215 7600 3 35
216 7634 40 37
217 7677 3 37
219 7691 14 38
220 7762 18 3
221 7782 7 38
222 7816 16 35
223 7836 18 3
224 7864 3 38
225 7914 9 34
226 7956 22 1
227 7980 2 1
228 8001 9 35
229 8044 5 35
230 8091 9 35
231 8120 10 39
234 8216 14 40
235 8243 3 35
236 8249 11 39
239 8359 8 7
240 8376 9 34
241 8388 11 39
242 8400 8 7
243 8421 10 35
244 8499 25 41
245 8545 9 7
246 8555 3 35
247 8598 8 7
248 8607 18 3
249 8653 4 42
250 8693 2 3
251 8706 4 43
252 8712 7 43
253 8747 4 42
254 8782 3 3
255 8808 9 4
256 8821 4 43
257 8834 15 43
258 8839 10 3
259 8900 2 43
260 8915 7 3
261 8963 23 43
262 8968 18 3
263 9018 7 3
264 9027 20 1
265 9067 8 7
266 9104 3 1
268 9143 3 1
269 9188 9 7
270 9198 9 35
271 9249 3 35
272 9262 42 44
273 9308 7 44
274 9346 6 2
275 9354 20 1
277 9458 6 45
278 9473 18 3
279 9542 3 3
280 9620 5 3
282 9731 15 41
283 9736 10 35
288 9803 12 40
289 9817 17 46
290 9843 9 7
291 9853 18 3
292 9885 27 47
293 9914 7 47
296 9979 9 7
297 9991 11 48
299 10044 10 47
300 10111 10 3
301 10129 11 47
302 10152 8 48
303 10162 9 35
304 10181 16 49
305 10181 3 47
308 10208 2 49
309 10216 2 35
310 10269 9 35
311 10298 8 49
312 10318 3 49
313 10340 3 35
314 10351 3 49
316 10406 9 32
318 10485 17 49
319 10584 3 49
328 10711 9 7
329 10723 3 35
330 10748 2 35
331 10769 15 50
334 10787 7 51
335 10825 8 4
336 10909 2 4
337 10912 7 43
339 10926 18 3
340 10950 2 43
341 10996 5 43
342 11010 3 43
343 11032 6 4
344 11039 36 52
345 11045 22 1
346 11134 5 1
347 11142 3 1
349 11153 18 52
350 11210 7 50
351 11220 6 51
352 11227 9 35
353 11303 24 53
354 11321 6 2
355 11328 3 4
356 11375 2 53
357 11403 4 43
358 11423 18 3
359 11462 9 4
360 11527 11 50
363 11652 31 51
364 11664 10 35
365 11685 18 3
366 11712 11 47
367 11761 1 3
368 11786 3 3
369 11786 8 54
370 11850 3 54
371 11890 4 3
372 11915 5 3
373 11958 3 3
374 12000 3 3
376 12091 4 3
377 12132 19 49
378 12154 15 38
379 12171 9 35
380 12191 54 55
384 12270 9 35
385 12289 2 55
387 12302 6 6
388 12350 9 35
390 12673 6 45
391 12762 20 1
392 12804 5 3
393 12824 5 1
394 12830 18 3
395 12867 3 1
396 12913 2 3
397 12935 7 1
398 12945 4 26
399 12972 3 1
400 13053 6 2
401 13126 29 1
402 13247 9 35
403 13281 4 35
404 13288 6 2
405 13296 3 35
406 13347 2 35
407 13382 28 40
408 13412 34 46
409 13448 26 37
411 13528 9 7
412 13554 7 56
413 13575 6 56
414 13591 18 3
