1 0 5 1
2 15 34 2
3 27 10 3
4 53 16 4
5 101 14 4
6 116 10 2
7 139 10 1
8 174 16 5
9 184 6 6
10 195 7 5
11 250 10 3
12 263 31 1
13 273 6 7
14 321 48 2
15 333 16 3
16 392 13 2
17 398 7 3
18 426 22 4
19 471 3 2
20 484 14 4
21 499 11 2
22 523 6 1
23 561 24 5
24 579 6 6
25 590 7 5
26 648 10 3
27 660 11 2
28 682 10 1
29 698 17 8
30 705 10 3
31 724 25 9
32 743 6 3
33 809 14 9
34 839 21 1
35 875 3 1
36 901 4 2
37 925 47 4
38 944 28 10
39 956 16 3
40 1124 5 3
42 1154 11 2
43 1168 5 1
44 1199 11 2
45 1227 11 10
46 1227 5 2
47 1253 10 2
48 1299 9 1
49 1322 2 1
50 1352 2 2
51 1401 17 1
52 1407 11 7
53 1420 11 2
55 1493 11 2
56 1557 11 10
57 1570 7 2
58 1607 10 3
63 1824 10 3
64 1857 6 4
65 1875 57 11
68 1935 9 11
69 1995 7 4
70 2013 3 4
71 2032 3 11
72 2052 11 2
73 2080 4 11
76 2115 1 11
77 2170 3 11
79 2246 18 8
80 2254 10 3
81 2290 11 2
