1 0 2 1
2 25 6 2
3 32 19 3
4 74 52 4
5 91 35 1
6 170 2 1
7 184 55 2
8 204 10 5
9 240 21 3
10 288 3 6
11 315 10 5
12 315 44 3
14 375 10 3
16 438 2 1
17 465 10 3
19 517 2 1
20 541 10 3
21 583 66 7
22 593 44 3
23 593 10 5
25 697 11 5
26 715 2 1
27 733 6 2
28 792 6 2
29 815 3 6
30 820 2 1
31 886 3 6
32 908 4 1
33 938 3 6
34 944 10 3
35 968 2 1
36 996 2 1
37 1006 6 2
39 1058 17 4
40 1090 2 1
42 1138 14 7
43 1167 10 5
45 1229 5 7
46 1262 10 3
47 1293 2 1
48 1298 6 2
49 1327 10 3
50 1382 2 1
51 1400 6 2
52 1427 3 6
53 1447 6 2
54 1486 3 6
55 1511 8 2
56 1548 2 1
57 1553 3 8
58 1564 3 8
59 1571 55 8
62 1628 7 8
63 1689 10 3
64 1721 3 8
65 1872 11 3
66 1970 2 1
67 1988 3 8
68 2008 6 9
69 2022 10 3
70 2088 3 6
71 2144 11 10
73 2185 2 10
74 2204 11 7
75 2231 6 9
76 2285 10 3
77 2305 3 3
78 2330 11 3
79 2397 10 3
80 2443 26 8
81 2463 6 2
82 2471 14 8
83 2504 4 8
84 2532 3 6
85 2575 6 9
86 2668 6 9
87 2677 10 3
88 2780 3 6
89 2861 6 9
