1 0 4 1
2 24 9 1
3 57 16 2
4 76 27 2
6 118 35 3
8 154 8 1
9 165 6 4
10 205 50 3
11 232 14 1
12 249 6 5
13 270 4 3
14 284 8 1
15 422 8 3
16 484 8 1
18 572 14 1
19 619 11 6
20 728 10 1
21 821 3 1
22 836 4 1
23 853 18 7
25 1100 8 1
26 1246 9 1
27 1292 2 1
28 1390 9 1
34 1604 8 1
35 1616 5 1
38 1737 3 1
39 1849 18 5
41 2165 8 1
43 2250 13 8
44 2296 20 9
45 2350 9 1
46 2361 3 9
48 2481 6 1
49 2494 3 1
50 2658 18 10
51 2662 14 1
52 2727 8 1
53 2739 3 1
54 2748 4 1
55 2748 24 11
56 2774 31 11
58 2836 3 1
60 3052 21 12
61 3058 15 13
62 3075 2 12
63 3093 6 12
65 3447 8 1
66 3503 2 1
67 3525 3 1
68 3578 3 1
69 3639 3 1
70 3834 10 1
71 3847 21 14
72 3924 14 14
73 3939 8 1
74 4025 7 3
76 4033 3 1
78 4113 9 1
79 4196 26 15
80 4216 6 5
81 4241 20 3
82 4290 14 1
86 4479 4 10
88 4516 10 7
89 4577 8 1
93 4708 11 6
97 4851 28 16
98 4883 13 17
106 5067 13 17
107 5077 3 16
108 5116 6 17
109 5157 9 1
110 5170 3 1
111 5209 3 1
112 5225 3 1
120 5535 12 18
121 5569 5 18
124 5729 9 1
125 5940 9 1
126 5975 8 1
127 6005 5 1
129 6106 3 1
131 6149 3 1
133 6217 5 19
135 6316 8 1
141 6579 6 13
142 6637 4 1
143 6755 4 1
144 6816 17 20
145 6853 8 1
146 6889 17 20
147 6967 8 1
148 7002 3 1
150 7118 1 1
151 7120 3 15
152 7142 4 1
153 7169 6 1
154 7194 2 1
155 7205 46 21
156 7265 3 21
157 7271 2 21
159 7323 3 21
160 7340 8 3
163 7660 8 1
165 7726 4 15
166 7783 10 1
167 7802 22 15
168 7817 3 1
170 7833 2 15
171 7858 3 1
172 7895 3 15
174 7947 5 19
177 7989 9 1
178 8018 3 1
181 8108 8 1
182 8132 19 22
183 8143 8 8
184 8184 8 22
186 8258 9 1
187 8279 30 3
188 8355 3 1
189 8397 16 2
190 8445 8 1
191 8456 6 4
192 8464 3 23
193 8511 2 23
