1 19 19 1
2 56 13 2
3 64 5 3
4 82 10 4
5 111 22 5
6 153 64 6
8 166 22 7
10 178 10 8
11 198 19 9
12 207 10 4
13 237 19 1
14 276 13 2
15 312 15 5
16 376 3 1
18 463 26 5
19 641 12 1
20 656 31 5
21 697 150 6
22 727 10 8
24 783 10 8
25 815 32 9
26 896 34 5
28 987 3 5
31 1032 13 5
32 1098 10 4
33 1138 83 5
34 1168 11 1
36 1193 5 7
37 1201 20 9
39 1241 23 8
40 1254 10 4
41 1286 151 5
42 1335 52 1
44 1352 15 4
45 1425 12 2
46 1432 5 3
47 1577 12 2
48 1584 5 3
49 1603 3 2
50 1639 3 2
51 1690 10 1
52 1737 15 5
53 1774 12 2
54 1781 5 3
55 1910 2 2
56 1933 21 10
58 1964 2 10
59 2008 6 2
60 2023 29 1
61 2042 10 4
62 2055 12 2
63 2062 5 3
64 2093 16 1
65 2099 10 4
66 2166 5 1
67 2198 2 1
69 2234 10 4
74 2392 9 1
75 2430 12 2
76 2437 5 3
