1 0 13 1
2 15 38 2
3 50 3 3
4 55 38 2
5 90 3 3
7 112 32 4
8 115 28 5
9 139 5 3
11 178 54 6
13 251 37 7
14 283 5 3
15 291 12 1
16 305 14 1
17 351 12 8
18 365 26 9
19 409 5 3
20 465 9 8
22 529 29 5
23 553 5 3
24 560 3 5
26 761 6 5
27 794 6 5
32 1007 25 9
33 1093 12 1
34 1111 24 10
35 1129 6 9
36 1145 9 10
38 1235 6 9
39 1282 52 7
40 1328 6 3
41 1357 12 1
43 1404 58 6
44 1459 3 3
45 1496 17 11
46 1496 9 3
48 1548 9 6
49 1566 8 12
51 1609 5 3
52 1615 8 12
53 1648 8 12
54 1672 39 13
55 1685 26 14
58 1739 66 15
60 1827 37 16
61 1885 12 1
62 1914 5 3
63 1968 38 15
64 1987 19 13
65 1999 7 14
66 2008 6 16
67 2037 31 13
68 2061 7 14
69 2069 9 3
70 2069 16 11
71 2114 58 17
72 2216 3 17
73 2291 6 3
74 2369 7 14
75 2473 4 14
76 2509 4 14
77 2553 12 1
79 2595 6 18
81 2691 6 18
82 2700 3 3
83 2739 3 19
84 2871 38 19
85 3111 30 20
86 3144 2 20
87 3311 12 1
88 3357 5 3
89 3406 12 14
90 3461 3 1
91 3473 5 3
92 3515 23 20
93 3619 12 1
94 3647 25 4
95 3669 3 5
96 3686 40 6
97 3759 12 1
98 3780 41 2
99 3818 3 3
