1 0 13 1
2 55 17 2
3 97 12 2
5 216 8 2
6 300 16 2
10 376 3 3
11 382 5 3
12 399 11 2
13 426 10 4
14 437 7 5
16 579 11 2
17 595 5 5
18 612 5 5
19 721 11 2
22 840 12 2
34 1512 3 6
35 1516 15 2
38 1631 26 7
39 1665 11 2
40 1691 7 6
42 1718 8 8
43 1730 4 8
45 1876 3 2
52 2074 10 9
53 2088 11 2
56 2155 13 10
58 2262 5 10
59 2335 3 2
60 2363 8 2
61 2503 11 2
62 2760 21 11
63 2788 2 11
64 2873 12 2
65 2963 25 2
66 3070 12 2
69 3309 17 2
72 3435 10 9
74 3505 12 2
76 3528 10 2
77 3549 2 2
78 3633 10 2
80 3696 3 2
82 3939 12 6
83 3939 32 12
84 3986 11 2
86 4033 2 12
88 4067 12 2
91 4255 5 5
92 4341 16 13
93 4377 2 13
94 4395 11 2
95 4418 3 13
97 4450 22 7
98 4487 4 2
99 4570 25 7
102 4852 8 2
103 4946 5 14
104 4953 7 14
105 4961 12 2
108 5174 5 2
110 5230 3 15
111 5345 9 9
112 5355 12 2
121 5784 9 9
123 5800 18 2
124 5910 5 9
125 5927 12 15
126 5931 8 2
127 5951 4 16
128 5957 3 2
131 6081 6 4
134 6221 6 16
137 6277 25 17
138 6304 7 17
139 6438 11 2
140 6503 3 15
142 6746 23 18
143 6786 2 18
144 6820 41 19
147 6963 8 19
148 6992 3 18
149 7051 3 18
151 7224 19 1
152 7278 11 2
153 7343 2 2
154 7359 4 20
156 7390 2 20
158 7568 6 9
159 7637 12 2
160 7738 11 2
161 7818 6 4
