1 0 17 1
2 99 17 1
3 157 13 2
4 182 9 1
5 192 3 2
6 273 8 1
7 285 17 3
8 464 28 4
9 495 25 5
12 628 17 3
14 760 19 6
15 822 9 1
16 859 3 6
17 877 17 1
18 923 7 7
22 1164 16 7
23 1172 8 1
24 1189 6 1
25 1207 10 3
27 1314 10 3
28 1426 9 1
29 1532 17 1
31 1883 7 7
32 2156 17 1
33 2334 17 1
35 2355 17 4
36 2375 17 5
37 2509 9 1
38 2645 17 1
39 2773 6 1
41 3094 15 4
44 3194 42 8
46 3346 7 7
50 3579 8 1
51 3615 29 9
52 3780 9 1
53 3928 15 4
54 4004 5 9
55 4027 10 9
57 4217 7 4
58 4227 7 5
59 4244 20 9
60 4299 8 10
61 4334 7 7
62 4357 2 7
63 4493 17 8
64 4511 7 4
65 4533 17 1
66 4850 2 7
67 4868 5 11
68 4888 2 11
69 4972 5 11
70 4978 2 7
71 5011 9 1
72 5085 2 1
73 5200 9 1
74 5273 7 7
75 5329 27 12
77 5460 8 10
78 5482 83 12
81 5581 2 12
