1 75 4 1
2 117 4 1
3 216 14 2
4 500 25 2
5 580 8 1
6 591 8 3
7 832 15 2
8 1038 8 3
9 1113 15 4
10 1330 8 3
11 1650 8 1
12 1782 18 5
13 1804 2 5
14 1950 8 1
15 2182 21 6
16 2246 2 6
17 3003 37 5
18 3425 8 1
19 3487 82 7
20 3607 3 7
21 3680 14 8
22 3762 2 8
23 3878 7 9
24 3991 6 9
25 4037 30 10
26 4077 3 10
27 4137 16 11
28 4166 3 11
30 4192 9 8
31 4583 27 13
32 4787 35 14
33 4826 3 14
34 5259 27 15
35 5303 11 15
36 5491 26 13
37 5682 15 4
38 6358 8 16
39 6452 7 16
40 6493 4 16
41 6500 21 17
42 6524 2 17
43 6637 4 1
44 6684 3 1
45 6730 7 1
46 6798 2 1
47 7049 7 16
48 7092 8 1
49 7229 23 18
50 7255 2 18
51 7392 6 16
52 7460 33 19
53 7683 12 19
54 7735 40 20
55 7823 3 20
56 8270 15 2
57 8774 8 3
58 8878 3 3
59 9011 17 21
60 9030 2 21