1 16 21 1
2 39 13 2
3 54 14 3
4 70 15 4
5 87 16 5
6 105 17 6
7 124 22 7
8 162 13 8
9 267 11 1
10 281 7 2
11 370 5 3
12 378 7 4
13 396 7 5
14 406 7 6
15 454 11 7
17 527 11 7
20 639 4 9
30 1434 5 10
31 1442 7 11
32 1452 11 1
33 1560 4 10
34 1567 6 11
37 1719 5 10
38 1732 11 12
39 1758 11 1
40 1784 7 2
41 1892 8 13
46 2477 11 1
47 2491 7 2
48 2583 7 2
49 2720 8 14
50 2753 2 14
53 2926 5 3
54 2934 7 4
56 3230 5 3
57 3284 13 8
59 3416 5 3
61 3829 7 4
62 3924 5 3
63 4069 8 4
64 4092 5 3
65 4304 7 5
66 4314 7 6
67 4357 7 5
69 4944 7 6
70 4997 8 13
73 5052 11 12
75 5221 7 5
76 5230 7 6
77 5475 11 7
78 5534 4 9
81 5688 11 7
