1 18 6 1
4 57 42 2
5 101 7 3
6 120 20 2
7 162 6 4
8 774 31 5
9 850 4 4
11 1035 19 6
13 1135 20 6
15 1403 5 4
16 1501 6 4
17 1985 12 4
18 2435 1 3
19 2437 2 7
21 2487 26 8
22 2526 3 7
24 2604 20 9
25 2632 2 4
26 2662 3 9
27 2736 11 10
28 2837 19 11
29 2877 2 11
30 3007 10 4
31 3109 11 10
32 3150 2 12
33 3172 3 12
34 3534 3 12
35 3597 6 4
36 3621 11 10
37 3753 13 4
38 3862 11 10
39 4101 59 13
40 4215 14 14
41 4324 12 13
42 4853 15 14
43 4909 2 14
44 4965 14 15
45 5057 26 16
46 5108 3 16
47 5182 2 16
48 5435 5 17
49 5583 11 10
50 5775 6 4
51 5908 12 4
52 5954 5 4
53 6055 6 18
54 6098 2 18
55 6228 10 4
56 6445 6 4
57 6513 14 14
58 6544 9 19
59 6848 6 4
60 7227 39 20
61 7251 6 4
62 7295 2 20
63 7371 9 14
64 7440 2 4
65 7490 4 4
67 7699 10 4
68 7817 11 10
69 8232 6 4
70 8413 6 4
71 8438 23 21
72 8627 13 21
73 8896 5 4
74 9063 6 4
75 9154 6 4
76 9176 4 4
77 9309 6 4
78 9593 23 22
79 9639 2 22
80 9771 13 15
81 10013 6 4
82 10309 6 4
83 10349 15 23
84 10570 12 23
85 10637 13 15
87 10757 23 14
88 11205 11 10
89 11779 6 4
90 11890 10 4
91 11963 6 4
92 12008 5 4
93 12240 59 24
94 12269 30 25
95 12308 2 24
96 12382 6 4
97 12405 14 14
98 12484 26 25
99 12538 6 4
100 12547 3 25
101 12646 16 25
102 12686 1 3
103 12731 5 17
104 12752 18 26
105 12791 3 26
106 12947 5 17
107 12974 3 17
108 13112 5 17
109 13223 6 17
110 13294 6 4
111 13439 13 15
112 13668 6 4
113 13682 24 27
114 13744 18 28
115 13778 13 28
117 14329 6 4
118 14701 13 15
119 15190 17 29
120 15256 2 29
121 15314 17 30
122 15337 3 30
123 15385 5 4
124 15750 13 15
125 15824 28 31
126 15893 2 31
127 16208 13 32
128 16224 13 15
129 16340 18 32
130 16990 13 15
131 17320 6 1
132 17421 20 33
133 17532 5 34
134 17577 6 4
135 17648 6 4
136 17756 12 4
137 18057 13 15
138 18094 31 35
139 18202 13 15
140 18320 16 5
141 18377 9 35
142 18433 16 5
143 18553 6 4
144 18631 21 31
145 19082 6 4
146 19126 10 4
147 19327 24 4
148 19655 6 4
149 19949 21 2
151 20373 28 36
152 20413 3 36
154 20641 6 4
155 20770 12 4
156 22577 13 15
157 23495 20 6
159 23875 18 4
160 24397 13 15
161 24686 20 37
162 24708 7 37
163 24742 7 37
164 24800 2 37
165 24870 11 37
166 25517 11 10
167 25544 116 38
168 25906 11 10
169 25924 3 10
170 26001 49 38
171 26074 2 38
172 26123 19 39
173 26144 7 39
174 26171 2 38
175 26229 7 39
176 26237 3 38
177 26326 3 39
178 26463 12 39
179 26554 5 38
180 26602 62 40
181 26705 9 40
182 27112 11 10
183 27137 23 41
184 27198 3 41
185 27212 11 10
186 27306 6 4
187 27516 14 15
188 27575 4 3
189 27710 5 34
190 27718 2 34
192 27912 5 34
193 28031 18 42
194 28085 6 43
195 28107 6 43
196 28148 2 43
197 28199 2 42
198 28459 12 10
199 28519 23 42
200 28588 22 42
201 28685 25 27
203 29081 58 44
204 29128 11 4
205 29141 10 44
206 29195 2 44
207 29290 25 45
208 29338 3 45
209 29493 11 46
210 29517 2 46
211 29614 16 47
212 29634 7 47
213 29662 34 48
214 29698 7 48
215 29827 6 4
216 29995 26 49
217 30037 12 49
218 30065 11 46
219 30080 3 46
220 30292 14 50
221 30343 2 50
222 30550 11 4
223 30821 16 51
224 30867 2 51
225 30904 3 51
226 31925 6 4
227 32522 36 52
228 32542 10 4
229 32542 16 53
230 32592 2 52
231 32611 10 4
232 32818 6 4
233 32833 16 53
234 32833 10 4
235 32874 9 54
236 32897 2 54
239 33019 15 53
240 33060 4 4
241 33060 23 55
244 33317 3 55
245 33405 26 8
246 33433 2 8
247 33503 6 4
248 34159 16 19
249 34712 15 53
250 34986 6 53
252 35224 5 53
253 35283 30 56
254 35321 2 56
256 35569 5 53
257 35776 5 53
258 35834 15 53
259 36096 27 33
260 36117 6 4
262 36244 6 4
263 36258 62 57
264 36322 3 57
265 36335 37 58
266 36374 7 58
267 36391 21 59
268 36566 6 4
270 36682 41 60
271 36785 3 59
272 36854 7 53
273 37405 15 53
274 37768 13 15
275 38139 21 53
277 38346 41 60
278 39269 6 4
279 39386 16 53
280 39610 6 4
281 39844 15 53
282 39886 2 53
283 40357 15 53
284 40396 10 53
285 40795 15 53
286 40832 20 61
288 40946 5 61
289 41483 39 62
290 41531 7 62
291 41631 16 53
292 42161 7 53
293 42274 5 53
294 42758 13 15
295 42866 19 6
297 42936 14 63
298 42945 5 53
299 42978 13 63
300 43063 6 53
301 43191 5 53
302 43248 3 53
303 43278 6 4
304 43292 11 4
306 43416 22 4
307 43453 6 64
308 43498 2 64
309 43753 38 65
310 43785 6 4
311 43914 21 53
313 43962 14 65
314 44018 3 65
315 44071 10 4
316 44273 6 4
318 44365 3 66
319 44427 11 66
320 44521 3 66
321 44541 11 66
322 44685 4 66
323 44720 53 67
324 44805 3 67
325 44845 6 4
326 44853 2 4
327 44900 4 4
328 44938 3 66
332 45351 11 66
333 45404 48 68
334 45456 13 68
335 45679 33 69
336 45714 3 69
337 45853 3 66
338 45929 6 4
339 45982 3 4
340 46034 33 70
341 46069 7 70
342 46125 2 70
343 46162 6 4
344 46245 20 4
345 46308 25 71
346 46316 6 4
347 46350 3 71
348 46356 16 72
349 46398 2 72
350 46710 6 4
351 46719 28 8
357 47289 30 73
358 47381 2 73
359 47479 26 73
360 47545 2 73
361 47581 6 4
362 47678 7 74
363 47729 3 73
364 47745 7 74
365 47806 16 73
366 47839 3 73
367 47890 11 73
368 48130 21 2
369 48162 6 4
370 48700 4 4
371 48883 21 53
372 48883 4 4
374 48950 6 4
375 49121 18 75
376 49154 12 75
