1 2 6 1
2 12 13 2
3 52 7 2
4 118 32 3
5 127 8 4
6 153 33 5
7 162 8 6
8 188 6 7
9 208 23 8
10 236 6 1
11 250 19 2
12 275 13 2
13 327 45 9
15 392 13 10
16 428 15 1
18 555 9 1
19 555 14 2
20 615 3 2
21 680 32 3
22 689 8 4
23 715 33 5
24 724 8 6
25 764 21 2
26 789 7 11
27 866 8 4
28 876 6 12
29 884 7 13
30 893 14 6
35 1112 6 7
36 1122 15 2
37 1122 9 1
38 1151 26 8
40 1198 6 8
41 1214 17 14
42 1237 3 8
43 1255 32 15
44 1265 7 11
45 1289 9 8
46 1307 12 11
47 1307 19 15
48 1352 34 9
49 1369 7 11
50 1397 3 8
51 1403 17 14
53 1457 14 6
54 1473 8 4
55 1483 6 12
56 1491 7 13
59 1597 7 2
60 1659 4 2
61 1810 16 16
62 1838 7 16
63 1888 18 17
67 1991 5 2
68 2130 13 18
69 2156 13 10
70 2171 4 2
71 2222 18 17
72 2292 40 19
73 2311 21 18
74 2371 6 11
76 2392 23 2
77 2447 7 11
79 2544 6 1
81 2651 75 19
82 2685 41 18
84 2895 7 11
85 2904 10 20
86 2934 3 20
87 2979 25 21
90 3115 6 1
91 3227 13 21
92 3250 11 11
94 3349 6 1
95 3361 33 22
96 3447 2 22
97 3474 10 22
