3 71 32 1
4 113 16 2
5 131 4 3
6 147 24 4
7 165 6 1
8 193 8 3
9 256 8 2
10 313 5 3
11 339 7 2
12 348 11 1
13 403 3 2
14 421 5 3
16 551 7 2
18 650 9 1
19 765 11 1
21 825 9 1
22 876 14 5
23 899 12 1
24 927 3 2
25 973 7 6
26 989 15 6
27 1018 4 3
28 1043 15 7
29 1101 8 2
30 1111 11 8
32 1189 7 2
33 1226 10 1
34 1283 11 8
36 1371 13 1
37 1387 7 2
40 1523 9 1
41 1610 7 2
42 1632 11 1
43 1726 12 1
44 1794 14 5
46 1916 8 2
49 2100 7 2
51 2189 13 6
52 2253 9 7
53 2265 10 3
54 2295 4 7
55 2321 3 2
56 2375 3 7
57 2439 8 7
58 2451 8 2
59 2562 4 3
60 2627 7 2
61 2659 9 1
63 2852 7 9
64 2876 13 9
65 2922 5 9
66 2937 10 1
67 2969 4 3
68 2999 5 3
69 3005 7 2
74 3311 7 2
75 3362 10 4
76 3383 9 1
77 3416 37 10
78 3433 20 11
79 3462 3 10
80 3486 9 12
81 3509 12 1
82 3578 11 12
83 3613 7 2
84 3649 11 11
