1 12 21 1
2 40 6 1
3 67 1 1
4 97 7 2
5 125 3 2
6 162 10 3
7 169 3 1
8 212 1 1
9 271 3 1
10 332 9 1
11 401 6 1
12 436 2 1
13 462 5 4
14 489 2 1
15 516 26 5
16 553 2 5
17 603 6 3
18 619 4 1
19 643 2 1
20 719 9 1
21 783 6 4
22 793 41 6
23 813 21 7
24 852 2 1
25 864 28 8
26 881 3 1
27 911 10 8
28 924 21 1
29 1013 17 1
30 1075 6 9
31 1083 4 10
32 1133 11 1
33 1169 5 4
34 1207 2 1
35 1230 2 1
36 1415 12 11
37 1468 2 1
38 1552 4 1
39 1673 4 10
40 1696 3 1
41 1724 3 1
42 1793 7 1
43 1903 3 1
44 1920 9 1
45 2024 3 1
46 2098 4 1
47 2132 3 1
48 2143 4 10
49 2164 3 1
50 2274 7 1
51 2372 2 1
52 2486 2 1
53 2587 3 1
54 2629 3 1
55 2720 5 1
56 2740 2 1
57 2871 4 1
58 2933 3 1
59 2955 9 1
60 2968 4 1
61 3025 4 1
62 3042 1 1
63 3061 1 1
64 3083 5 1
65 3119 4 1
66 3168 1 1
67 3198 1 1
68 3219 3 1
69 3280 1 1
70 3312 1 1
71 3421 1 1
72 3454 16 1
73 3512 3 1
74 3541 63 12
75 3614 4 1
76 3624 3 1
77 3624 8 10
78 3647 15 13
79 3664 3 12
80 3767 10 13
81 3828 15 1
82 3904 4 1
83 3910 15 10
84 3950 2 1
85 4016 5 1
86 4063 15 10
87 4208 4 10
88 4214 11 1
89 4238 12 14
90 4238 24 15
91 4279 12 15
92 4293 2 1
93 4337 4 1
94 4367 5 1
95 4418 2 1
96 4464 2 1
97 4713 5 1
98 4721 5 10
99 4756 15 10
100 4801 4 1
101 4828 4 1
102 4896 9 14
103 4928 2 1
104 4952 47 16
105 5023 3 16
106 5061 3 1
107 5143 8 17
108 5191 3 1
109 5267 8 1
110 5278 12 11
111 5332 10 1
112 5345 3 16
113 5441 3 1
114 5461 11 16
115 5512 1 1
116 5593 3 16
117 5608 3 1
118 5639 1 1
119 5647 2 16
120 5668 3 1
121 5694 6 1
122 5714 1 1
123 5759 1 1
124 5806 4 16
125 5814 2 18
126 5872 9 18
127 5884 1 1
128 5895 3 16
129 5945 3 18
130 5972 3 16
131 5990 1 1
132 6000 2 18
133 6015 2 18
134 6091 1 1
135 6112 3 16
136 6138 1 1
137 6176 2 16
138 6249 5 1
139 6310 10 1
140 6401 5 1
141 6437 43 19
142 6445 35 20
143 6461 2 1
144 6490 53 21
145 6508 13 14
146 6563 12 11
147 6610 10 19
148 6621 3 1
149 6621 8 10
150 6632 13 10
151 6648 21 10
152 6672 18 11
153 6763 10 1
154 6799 11 20
155 6833 3 1
156 6833 9 10
157 6900 11 15
158 6947 17 21
159 6966 4 1
160 6981 4 10
161 7045 4 10
162 7084 4 1
163 7093 15 10
164 7194 2 10
165 7208 4 1
166 7256 15 10
167 7304 6 1
168 7396 2 1
169 7483 2 1
170 7572 3 1
171 7669 3 1
172 7711 5 10
173 7719 4 10
174 7762 3 1
175 7804 4 1
176 7910 3 1
177 7939 4 10
178 7964 17 10
179 8050 2 10
180 8104 10 4
181 8139 21 1
182 8200 4 10
183 8218 3 1
184 8322 5 4
185 8356 4 1
186 8383 14 22
187 8411 1 22
188 8481 81 1
189 8566 4 1
190 8630 14 22
191 8661 9 23
192 8706 3 22
193 8741 5 1
194 8753 3 1
195 8795 9 1
196 8825 14 22
197 8860 3 1
198 8870 3 1
199 8893 2 1
200 8972 13 1
201 8997 3 1
202 9045 3 1
203 9066 14 22
204 9081 9 1
205 9165 7 23
206 9216 12 11
207 9275 10 1
208 9395 7 23
209 9491 2 1
210 9592 14 22
211 9609 21 23
212 9640 3 1
213 9655 24 24
214 9681 6 24
215 9738 5 1
216 9775 8 1
217 9849 11 25
218 9897 5 24
219 9931 14 22
220 10035 15 9
221 10040 10 1
222 10100 13 1
223 10117 7 25
224 10126 11 24
225 10182 14 22
226 10198 7 23
227 10208 5 24
228 10214 9 1
229 10290 12 11
230 10336 9 1
231 10370 2 1
232 10378 3 1
233 10412 2 1
234 10439 11 26
235 10498 3 1
236 10517 11 26
237 10531 4 1
238 10603 11 26
239 10742 3 1
240 11190 7 27
241 11235 7 28
242 11243 3 27
243 11305 59 28
244 11345 19 27
245 11523 10 1
246 11546 4 1
247 11656 3 1
248 11694 2 1
249 11769 17 29
250 11790 4 1
251 11864 2 1
252 11876 20 30
253 11909 14 30
254 11939 7 23
255 11978 5 23
256 11985 5 1
257 12076 3 1
258 12127 7 23
259 12136 3 1
260 12182 2 1
261 12266 3 1
262 12315 10 1
263 12367 8 1
264 12450 9 1
265 12477 12 11
266 12510 4 1
267 12609 12 31
268 12634 2 1
269 12651 35 32
270 12709 79 33
271 12779 9 1
272 12792 14 22
273 12808 13 29
274 12824 13 32
275 12852 3 1
276 12892 3 33
277 12907 2 1
278 13032 2 32
279 13044 3 1
280 13064 3 32
281 13084 3 32
282 13365 10 1
283 13378 2 1
284 13403 4 1
285 13533 9 1
286 13554 4 1
287 13574 56 34
288 13605 25 15
289 13605 12 14
290 13657 3 1
291 13678 3 1
292 13736 2 1
293 13778 3 1
294 13799 9 34
295 13828 4 1
296 13879 12 11
297 13920 5 32
298 13940 2 32
299 14005 4 1
300 14013 23 34
301 14037 2 32
302 14103 10 1
303 14149 17 35
304 14168 5 35
305 14242 9 1
306 14301 3 35
307 14419 2 1
308 14422 5 23
309 14430 2 1
310 14485 26 36
311 14514 9 36
312 14541 4 1
313 14679 19 36
314 14686 12 37
315 14723 50 38
316 14789 1 1
317 14806 9 1
318 14918 34 39
319 14945 7 38
320 14967 5 32
321 14976 9 1
322 14994 3 39
323 15008 5 38
324 15083 18 35
325 15106 13 38
326 15246 4 10
327 15252 9 1
328 15264 6 4
329 15285 5 32
330 15302 7 31
331 15440 10 1
332 15476 2 1
333 15638 2 1
334 15650 6 1
335 15708 13 7
336 15723 15 40
337 15782 4 6
338 15914 5 40
339 15968 3 6
340 16217 2 1
341 16473 10 1
342 16550 5 4
343 16606 3 1
344 16647 2 1
345 16717 9 1
346 16817 2 1
347 16877 8 17
348 16896 3 1
349 16963 1 1
350 17053 1 1
351 17085 3 1
352 17085 9 4
353 17112 3 1
354 17147 3 1
355 17212 1 1
356 17284 4 1
357 17302 4 1
358 17445 3 1
359 17485 1 1
360 17555 9 1
361 17576 28 8
362 17593 3 1
363 17615 3 1
364 17766 4 41
365 17784 12 41
366 17845 10 1
367 17887 9 1
368 17924 2 1
369 17955 17 42
370 17987 13 7
371 18001 2 1
372 18039 2 1
373 18070 17 42
374 18113 14 41
375 18167 31 43
376 18188 10 1
377 18200 8 43
378 18200 3 1
379 18247 6 1
380 18297 4 1
381 18308 2 1
382 18335 21 44
383 18384 11 37
384 18408 3 44
385 18520 2 1
386 18531 17 35
387 18573 17 42
388 18595 3 1