1 0 3 1
2 27 10 2
3 73 1 1
5 184 51 3
6 215 20 4
7 241 8 5
8 251 7 5
9 281 2 3
10 326 4 2
12 430 10 4
13 479 1 1
14 572 21 6
15 613 4 1
16 613 19 7
17 637 7 7
18 657 2 6
19 724 11 1
20 737 3 6
21 767 5 7
22 819 3 6
23 914 9 7
24 953 5 1
27 1071 3 1
28 1192 8 2
29 1266 2 4
30 1275 13 8
33 1350 4 1
34 1389 1 1
35 1391 2 8
36 1427 1 1
37 1451 10 2
38 1465 11 1
39 1578 10 4
40 1606 3 1
41 1703 10 6
44 1920 52 7
46 2067 11 6
47 2079 1 1
48 2179 2 6
49 2182 32 9
51 2273 3 9
52 2277 1 1
53 2474 6 4
54 2589 6 4
55 2698 18 10
56 2719 2 10
57 2755 6 4
58 2817 6 4
59 2831 34 11
60 2906 17 12
61 2927 24 13
62 2994 20 4
63 3097 6 4
64 3134 2 13
65 3166 53 14
66 3176 20 4
67 3242 6 4
69 3306 103 15
70 3388 20 4
71 3411 7 15
72 3462 6 4
73 3622 19 14
74 3643 8 14
75 3708 6 4
76 3725 18 10
77 3779 2 14
78 3832 2 4
80 3895 2 4
81 3903 4 14
82 3921 11 6
84 3983 6 4
85 4026 18 16
86 4059 12 4
87 4124 11 4
88 4124 22 16
89 4205 10 4
90 4205 18 17
91 4247 4 17
92 4282 10 4
93 4358 6 4
94 4389 2 4
95 4497 20 4
96 4560 20 4
97 4656 18 10
98 4690 18 12
99 4713 34 11
101 4755 100 18
102 4806 20 4
103 4900 2 18
105 4964 34 11
106 5031 18 12
107 5063 2 4
108 5249 116 19
109 5335 6 4
110 5385 11 4
112 5425 6 4
113 5435 34 11
114 5474 18 12
115 5524 2 4
116 5780 6 4
117 5789 3 19
118 5901 1 1
119 5924 10 19
120 5960 17 6
121 5978 1 1
122 5989 2 6
125 6067 6 4
127 6239 6 4
129 6375 2 4
130 6470 4 20
131 6486 3 1
133 6608 6 4
134 6667 3 20
135 6714 1 1
136 6867 16 1
