1 0 24 1
2 26 24 1
3 88 30 2
4 134 28 3
5 230 14 4
6 256 16 1
7 319 17 1
8 338 17 1
9 483 8 1
10 512 5 4
11 557 17 1
12 581 28 5
13 611 7 5
14 662 8 1
15 696 7 5
16 804 26 5
17 812 18 1
18 853 23 2
19 921 30 4
20 987 50 2
21 1030 7 5
22 1125 24 4
23 1246 31 2
24 1294 32 4
25 1354 31 2
26 1397 34 2
27 1434 42 6
28 1444 32 7
29 1477 11 6
30 1543 14 8
31 1584 30 6
32 1634 14 7
33 1642 6 8
34 1664 11 6
35 1714 7 2
36 1723 46 9
37 1828 23 2
38 1867 11 9
39 1888 52 9
40 1942 25 9
41 2007 23 6
42 2044 16 1
43 2104 18 1
44 2156 15 10
45 2200 15 10
46 2223 41 11
47 2273 18 1
48 2292 25 11
49 2368 33 2
50 2424 22 12
51 2480 22 2
52 2527 26 12
53 2612 66 13
54 2652 26 12
55 2694 7 14
56 2703 2 13
57 2789 34 12
58 2908 17 1
59 2953 36 13
60 2982 7 14
61 3004 16 1
62 3063 30 15
63 3086 7 16
64 3095 3 15
65 3137 31 2
66 3201 48 9
67 3251 37 17
68 3281 7 16
69 3322 31 2
70 3369 26 12
71 3397 15 17
72 3457 3 17
73 3481 40 9
74 3608 23 6
75 3686 10 13
76 3694 2 14
77 3698 17 15
78 3706 9 16
79 3752 16 1
80 3795 15 4
81 3813 31 2
82 3874 17 3
83 3893 27 3
84 3923 23 4
85 3961 15 18
86 3980 14 2
87 3997 15 19
88 4019 14 19
89 4049 13 20
90 4049 5 19
91 4064 28 20
92 4116 18 1
93 4177 14 18
94 4205 36 4
95 4243 28 20
96 4291 50 3
97 4343 28 20
98 4435 9 20
99 4483 16 1
100 4525 9 20
101 4557 31 2
102 4590 9 20
103 4625 9 21
104 4673 31 2
105 4706 13 21
106 4759 3 21
107 4779 48 6
108 4879 3 21
109 4899 49 9
110 4950 20 22
111 5026 33 4
112 5062 23 23
113 5175 9 20
114 5234 21 23
115 5269 18 22
116 5304 30 3
117 5364 16 4
118 5454 17 24
119 5481 7 24
120 5530 16 4