1 0 8 1
2 38 5 2
3 81 8 3
4 96 8 4
5 107 10 5
6 120 7 6
7 129 2 7
8 154 56 8
9 440 19 9
11 484 58 10
12 550 14 11
13 567 99 12
14 669 67 13
15 762 31 9
16 822 23 14
17 866 17 1
19 938 2 2
20 993 41 14
21 1014 20 2
22 1125 9 15
23 1164 16 16
24 1184 32 9
25 1232 24 14
26 1254 2 2
27 1269 23 17
29 1290 2 2
30 1307 9 15
31 1346 16 16
33 1509 2 7
34 1748 31 9
35 1792 23 14
36 1813 2 2
37 1825 19 17
38 1842 2 2
39 1871 5 2
40 1936 2 7
41 2034 6 2
42 2044 2 7
43 2089 29 1
44 2162 20 2
45 2193 63 18
46 2211 45 19
47 2311 6 2
48 2321 2 7
50 2987 14 20
51 2995 6 2
52 3169 4 20
53 3280 8 20
54 3391 3 20
55 3503 39 21
56 3583 2 21
57 3839 2 7
58 3914 17 1
59 3934 8 1
60 3997 2 7
62 4359 2 7
63 4379 39 22
65 4507 41 23
66 4551 162 24
67 4788 15 18
68 4848 11 25
69 4910 3 26
70 5723 3 26
71 6396 13 27
72 6415 3 27
73 6805 3 26
79 7314 4 25
80 7365 6 2
81 7388 17 28
82 7411 3 28
83 7962 5 2
84 8005 8 3
85 8034 8 4
86 8061 10 5
87 8090 7 6
90 8337 20 2
91 8455 9 1
92 8530 20 2
93 8998 8 1
94 9008 2 7
95 9032 57 8
102 9790 9 2
104 9868 20 2
105 9905 3 19
106 10030 2 2
108 10046 3 29
109 10080 3 29
110 10124 4 29
111 10151 9 2
112 10172 42 30
115 10217 7 30
116 10263 11 31
117 10882 11 31
118 10986 8 1
119 11053 9 2
120 11065 2 2
124 11228 11 31
126 11283 18 32
127 11304 2 32
129 11366 3 32
130 11405 11 31
132 11615 6 2
133 11688 11 33
135 11779 6 2
136 11943 6 2
137 12160 2 7
138 12184 8 1
139 12370 2 7
140 12752 20 2
142 12945 6 2
143 13043 17 33
144 13218 20 22
145 13275 2 7
146 13289 17 1
147 13423 3 1
148 13502 8 1
149 13529 19 22
152 13816 23 31
153 13842 5 31
154 13911 29 1
155 13969 20 2
156 14017 4 34
157 14031 3 34
158 14040 8 1
159 14176 11 31
160 14437 14 35
161 14469 3 35
162 14733 2 7
163 14777 11 31
164 14831 5 31
165 14998 6 2
166 15148 72 23
167 15223 162 24
168 15409 28 36
169 15438 17 13
172 15601 94 22
173 15699 104 12
174 15805 86 11
175 15818 59 10
176 15893 71 13
177 15922 25 36
