1 21 7 1
2 59 13 1
6 120 2 1
8 264 6 2
16 473 5 1
17 523 3 1
18 598 2 1
19 627 1 1
20 771 3 1
21 771 23 3
23 796 7 3
26 992 9 4
27 1069 6 1
29 1132 4 4
30 1167 50 3
33 1182 8 5
34 1242 4 5
35 1278 2 5
36 1386 3 3
37 1479 1 1
38 1561 3 1
39 1647 5 1
40 1700 3 1
41 1877 3 1
42 2033 18 3
47 2180 3 1
48 2329 35 1
51 2380 9 3
52 2555 5 1
53 2563 19 3
54 2611 19 3
55 2672 6 1
56 2690 2 1
57 2802 5 1
58 3017 6 1
59 3077 2 1
60 3224 5 1
61 3248 50 6
64 3302 3 6
65 3359 7 7
66 3518 3 7
67 3549 3 1
68 3744 6 1
70 3787 8 8
71 3798 6 9
73 4086 14 8
74 4102 5 1
75 4276 17 9
76 4295 5 1
77 4419 14 1
79 4512 2 1
81 4623 22 3
84 4835 3 1
93 4917 6 10
94 4925 5 1
95 5008 2 1
96 5074 2 1
98 5133 1 1
99 5149 5 11
100 5244 4 11
105 5383 6 2
106 5422 1 1
107 5434 4 1
108 5434 11 12
109 5458 2 12
110 5537 2 1
111 5698 24 13
112 5724 7 13
113 5743 3 1
114 5781 3 1
116 5940 5 1
118 5991 2 1
122 6122 3 1
123 6122 23 3
125 6219 4 1
126 6241 2 1
128 6303 6 1
130 6394 7 10
132 6450 12 1
133 6509 5 1
134 6523 2 1
135 6555 5 1
136 6573 25 14
137 6611 2 1
138 6627 3 14
139 6651 2 1
140 6683 5 1
