1 0 6 1
3 11 6 2
4 30 5 3
5 36 63 4
6 59 7 1
7 117 6 5
8 141 26 2
10 209 28 3
12 231 6 6
13 269 12 2
14 383 6 5
15 391 7 5
16 415 121 7
17 444 92 4
19 457 14 1
20 557 4 2
21 581 6 6
23 611 13 4
29 729 2 8
30 745 4 8
31 808 16 4
32 817 7 1
33 848 18 9
34 869 9 3
35 943 3 9
38 1007 2 10
40 1052 6 5
41 1094 17 11
42 1133 16 11
43 1160 4 11
44 1195 7 1
45 1243 23 12
46 1277 14 12
48 1358 20 13
49 1381 18 13
50 1436 12 10
51 1593 7 12
52 1627 7 2
53 1680 18 7
54 1700 17 11
55 1764 6 5
57 1811 7 1
58 1826 5 11
59 1859 15 14
60 1876 3 11
61 1880 2 14
64 2051 6 7
65 2085 2 7
66 2113 3 15
67 2130 6 16
68 2138 3 16
69 2182 7 7
71 2307 14 1
72 2345 3 1
74 2376 46 15
75 2462 7 1
76 2495 3 1
78 2585 6 1
