1 0 11 1
2 24 6 2
3 40 10 3
4 47 3 4
5 95 8 4
6 106 7 5
7 120 21 1
8 196 14 2
9 204 6 6
10 211 54 3
11 218 3 4
12 233 32 7
13 244 6 8
14 255 10 9
16 289 18 1
17 289 8 6
18 332 7 5
19 419 6 5
20 468 3 4
21 535 10 10
22 535 18 11
23 561 11 1
24 610 11 10
26 651 6 5
27 694 7 10
28 723 3 10
29 835 70 12
30 842 8 6
31 842 16 5
32 890 14 7
33 922 1 1
34 949 11 12
35 961 2 5
36 1005 10 10
37 1018 8 6
38 1080 16 1
39 1090 6 6
40 1112 16 5
41 1112 8 6
42 1165 11 3
43 1173 3 4
44 1212 3 3
45 1379 11 1
46 1403 35 2
47 1419 6 6
48 1451 13 5
49 1473 10 3
50 1480 3 4
51 1504 4 3
52 1540 8 6
53 1540 16 5
54 1571 16 2
55 1571 8 6
56 1619 7 3
57 1627 7 5
58 1676 3 4
59 1682 4 2
60 1709 8 6
61 1709 15 5
62 1812 11 10
63 1826 9 6
64 1853 10 7
65 1885 20 5
66 1899 6 6
68 1935 27 13
70 1956 6 6
71 2015 10 10
72 2015 18 11
73 2050 6 5
74 2064 50 3
75 2082 32 7
76 2093 6 8
77 2104 10 9
78 2167 9 3
79 2198 3 4
80 2229 10 7
81 2254 7 14
82 2367 7 14
83 2378 10 7
84 2395 31 13
85 2405 6 6
86 2429 3 13
88 2485 6 6
89 2505 6 6
90 2530 10 13
91 2543 29 7
92 2562 10 9
