2 28 15 1
3 107 6 1
4 129 25 2
5 339 9 3
6 392 13 3
9 618 38 4
10 658 6 4
11 677 22 5
13 701 22 5
14 734 32 6
15 768 26 6
16 797 2 4
19 884 7 4
20 1136 13 7
21 1163 4 7
22 1216 9 8
25 1377 7 7
26 1428 26 9
27 1482 4 9
28 1537 19 10
29 1558 21 10
30 1636 3 10
31 1676 2 10
32 1729 28 4
33 1813 25 11
34 1833 5 12
35 1847 2 11
36 1971 4 13
37 2045 4 13
38 2064 9 8
39 2265 5 12
40 2354 17 14
41 2380 3 14
42 2417 98 10
43 2582 4 10
44 2777 7 15
46 2803 5 12
49 2901 7 15
50 2924 3 15
51 3022 4 10
52 3039 2 10
53 3097 5 10
54 3363 69 16
55 3363 11 17
57 3435 3 16
58 3538 7 17
59 3548 8 10
60 3648 4 10
61 3665 2 10
62 3697 3 10
64 3817 29 4
65 3910 8 18
66 3948 2 18
67 4033 10 10
68 4053 2 10
69 4085 21 5
70 4123 2 10
71 4161 3 10
72 4305 2 10
73 4323 2 10
76 4607 9 2
