1 16 13 1
3 59 32 2
4 114 71 3
5 137 48 4
6 172 3 2
7 200 13 3
8 340 46 3
9 376 10 4
10 425 2 4
11 489 25 1
12 526 8 5
13 537 16 6
14 555 7 5
15 746 12 6
16 753 5 1
18 936 7 7
19 956 9 8
20 1010 15 6
21 1096 25 1
24 1228 63 9
25 1271 20 10
26 1297 95 11
28 1369 20 10
29 1395 72 12
30 1447 20 10
31 1473 82 13
34 1605 7 9
35 1670 5 1
36 1734 18 11
37 1865 11 12
38 1879 18 13
39 1933 5 1
40 1969 8 14
41 2032 27 13
42 2125 60 15
43 2137 48 16
44 2247 11 12
45 2290 16 16
46 2319 9 15
47 2371 8 14
48 2394 41 17
49 2454 12 17
50 2503 8 14
51 2531 13 14
53 2752 8 14
54 2776 2 14
55 2952 31 18
56 3028 13 1
57 3060 21 19
58 3084 7 20
59 3127 7 20
60 3137 21 19
61 3212 24 21
62 3255 25 21
63 3282 18 19
64 3337 25 21
65 3385 21 19
66 3432 9 18
67 3502 24 21
68 3545 21 19
69 3590 25 21
70 3644 21 19
71 3811 21 19
72 3952 7 20
73 4009 9 18
74 4024 4 18
75 4099 7 20
76 4181 21 19
77 4205 7 20
78 4246 7 20
79 4310 9 18
80 4322 3 18
81 4343 24 21
82 4394 7 18
83 4469 7 20
85 4656 9 20
86 4692 21 19
88 4792 31 22
89 4818 5 23
90 4876 5 23
91 4884 13 22
92 4920 7 20
93 4948 26 24
94 5010 3 24
95 5051 5 23
96 5112 5 23
97 5168 5 23
98 5305 5 23
99 5371 5 23
100 5428 5 23
101 5601 24 25
102 5664 20 26
103 5772 6 25
104 5793 5 25
105 5861 20 26
106 5883 7 26
107 5967 11 26
108 6131 8 7
109 6142 10 8
110 6299 6 25
111 6322 7 7
112 6332 9 8
113 6370 5 23
115 6437 5 23
116 6467 6 25
117 6482 7 7
118 6532 5 23
