1 0 4 1
2 18 17 2
3 53 8 3
4 76 9 4
5 98 77 5
6 129 46 6
7 138 13 7
8 215 14 1
10 248 2 8
11 252 10 9
12 264 8 10
13 275 17 11
14 294 3 1
16 352 3 1
17 362 3 1
18 379 17 2
20 427 8 3
21 482 9 4
22 493 3 3
23 518 4 3
24 562 8 4
25 639 9 3
26 975 8 4
27 1054 23 6
28 1103 3 7
29 1167 12 7
31 1252 27 5
32 1259 5 12
33 1267 12 13
34 1267 2 12
35 1304 10 5
38 1392 12 5
39 1424 49 12
40 1487 2 12
41 1523 7 14
42 1533 12 7
43 1582 6 15
44 1621 9 13
45 1658 12 16
46 1674 6 14
47 1756 9 13
48 1798 11 17
49 1811 3 13
50 1837 2 13
51 1837 7 12
52 1863 9 8
53 1892 17 11
55 1969 3 18
56 2003 20 13
58 2051 4 12
59 2070 4 15
60 2144 25 16
61 2180 7 12
62 2211 19 13
64 2261 3 13
65 2294 17 16
66 2400 9 13
67 2441 5 12
68 2459 7 1
69 2487 2 1
70 2526 5 12
71 2558 5 15
72 2595 23 19
73 2682 5 15
74 2716 9 8
75 2757 7 1
76 2777 3 1
77 2789 5 8
78 2858 2 8
79 2900 18 19
80 2949 5 15
81 2957 9 9
82 2984 2 9
83 3021 31 19
85 3102 5 12
86 3141 8 10
87 3151 3 10
88 3246 9 13
89 3267 19 16
90 3303 6 14
91 3344 6 14
92 3373 5 1
93 3403 5 12
94 3459 9 10
95 3517 6 14
96 3549 6 14
97 3575 5 15
98 3594 8 13
99 3609 5 12
100 3623 9 14
101 3652 4 10
102 3730 7 14
103 3743 5 12
104 3755 9 13
105 3776 5 12
106 3802 3 18
107 3817 6 14
108 3825 8 13
109 3879 3 13
110 3928 8 13
111 3943 5 12
112 3985 6 14
114 4018 4 15
116 4104 17 2
117 4123 4 12
118 4145 9 13
119 4179 17 2
120 4201 19 13
121 4280 57 20
122 4321 16 2
126 4441 2 20
127 4467 5 12
131 4589 10 9
132 4623 10 17
135 4727 21 21
136 4750 3 21
137 4799 20 2
138 4890 16 12
140 4924 5 15
141 4933 23 16
142 4978 3 16
143 5039 9 19
144 5120 5 12
145 5189 5 12
146 5252 4 15
147 5291 8 13
148 5353 9 13
149 5398 10 20
150 5423 2 20
151 5471 9 13
152 5507 7 12
153 5507 2 13
154 5528 17 2
155 5566 8 22
156 5582 4 15
157 5587 5 1
158 5605 4 15
159 5610 4 1
160 5709 6 14
161 5726 9 22
162 5808 4 1
163 5864 5 1
164 5948 14 1
