1 0 6 1
2 15 19 2
3 45 3 2
4 71 44 3
6 79 6 1
8 135 3 3
12 396 13 4
13 417 9 4
14 438 4 4
15 449 6 1
18 532 54 5
19 566 20 3
21 589 19 3
23 633 4 6
25 723 6 1
27 770 8 1
28 794 12 7
29 810 10 6
30 828 3 7
33 868 3 8
34 873 6 9
36 928 42 7
37 938 6 1
38 948 22 3
39 979 20 10
40 1016 25 11
42 1051 6 1
43 1060 6 12
45 1085 2 3
46 1168 2 3
47 1220 32 7
48 1231 21 3
49 1267 21 10
50 1294 3 3
51 1324 22 10
53 1374 37 13
54 1458 6 1
55 1520 3 8
57 1556 10 14
58 1580 4 14
60 1620 12 3
61 1808 6 3
62 1989 6 1
63 2094 5 15
64 2138 6 1
65 2172 9 15
67 2279 12 8
68 2308 13 16
69 2315 6 1
70 2352 2 16
71 2371 8 1
73 2660 6 9
74 2696 6 1
75 2795 15 17
76 2839 2 17
77 2877 19 17
78 2900 10 6
84 3076 12 3
85 3089 4 17
87 3142 9 17
88 3171 8 18
89 3185 5 19
90 3195 3 18
91 3234 6 1
92 3242 34 1
93 3272 4 6
94 3300 22 18
95 3308 5 19
96 3323 6 1
97 3342 27 20
98 3364 5 19
99 3373 3 20
100 3431 8 17
101 3441 3 17
102 3507 2 18
103 3526 6 19
107 3660 8 17
109 3743 8 17
111 3862 8 18
112 3977 12 3
114 4119 6 12
115 4134 3 8
116 4189 6 12
118 4354 22 21
119 4443 2 21
120 4584 6 1
122 4700 12 3
124 4728 8 1
125 4796 7 3
126 4845 28 13
127 4892 4 22
128 4947 24 23
129 4962 9 22
130 4974 108 23
132 5150 3 23
133 5254 12 3
136 5474 6 3
137 5523 6 1
138 5561 4 1
139 5561 19 3
140 5602 25 11
141 5628 89 5
143 5670 12 3
146 5747 8 1
147 5800 4 24
148 5818 5 25
149 5825 3 24
150 5880 1 24
153 5927 16 25
154 5934 3 24
156 6021 3 24
159 6117 3 26
160 6155 2 27
161 6164 15 28
162 6281 2 27
163 6338 5 25
164 6416 2 27
166 6464 2 27
167 6507 2 26
168 6526 19 29
169 6550 3 29
170 6554 3 26
171 6570 2 27
172 6577 3 29
173 6623 2 26
174 6635 8 30
175 6648 2 30
176 6658 3 26
177 6667 2 27
178 6736 2 26
179 6763 2 27
180 6787 15 28
181 6838 2 27
182 6852 9 31
183 6879 3 31
184 6921 3 31
185 6954 2 27
186 7028 6 1
187 7036 2 27
188 7047 9 28
189 7091 10 6
190 7103 6 28
191 7148 10 5
192 7203 15 28
193 7241 23 31
194 7307 4 31
196 7525 2 27
197 7758 6 1
198 7844 15 28
199 7937 6 1
201 8164 5 32
202 8252 7 32
203 8342 4 32
