1 71 32 1
2 113 16 2
3 131 4 3
4 147 24 4
5 165 6 1
6 193 8 3
7 256 8 2
8 313 5 3
9 339 7 2
10 348 11 1
11 403 3 2
12 421 5 3
13 551 7 2
14 650 9 1
15 765 11 1
16 825 9 1
17 876 14 5
18 899 12 1
19 927 3 2
20 973 7 6
21 989 15 6
22 1018 4 3
23 1043 15 7
24 1101 8 2
25 1111 11 8
26 1189 7 2
27 1226 10 1
28 1283 11 8
29 1371 13 1
30 1387 7 2
31 1523 9 1
32 1610 7 2
33 1632 11 1
34 1726 12 1
35 1794 14 5
36 1916 8 2
37 2100 7 2
38 2189 13 6
39 2253 9 7
40 2265 10 3
41 2295 4 7
42 2321 3 2
43 2375 3 7
44 2439 8 7
45 2451 8 2
46 2562 4 3
47 2627 7 2
48 2659 9 1
49 2852 7 9
50 2876 13 9
51 2922 5 9
52 2937 10 1
53 2969 4 3
54 2999 5 3
55 3005 7 2
56 3311 7 2
57 3362 10 4
58 3383 9 1
59 3416 37 10
60 3433 20 11
61 3462 3 10
62 3486 9 12
63 3509 12 1
64 3578 11 12
65 3613 7 2
66 3649 11 11