1 0 4 1
2 47 5 2
3 53 6 3
4 72 12 4
5 80 4 5
6 86 16 4
7 125 20 6
8 150 11 7
9 228 5 2
10 234 6 3
11 256 8 8
12 370 7 9
13 403 22 4
14 411 14 5
15 516 6 9
16 587 45 10
17 599 33 11
18 620 3 12
19 626 6 13
20 642 4 1
21 709 7 9
22 731 17 14
23 760 91 4
24 864 3 4
25 930 3 15
26 939 17 14
27 1027 3 15
28 1039 2 15
29 1050 17 14
30 1071 3 15
31 1102 3 15
32 1106 3 16
33 1179 30 16
34 1211 2 15
35 1261 9 4
36 1282 7 4
37 1330 18 14
38 1361 3 16
39 1423 20 6
40 1448 11 7
41 1526 5 2
42 1532 6 3
43 1574 2 15
44 1603 2 4
45 1626 25 17
46 1633 3 18
47 1858 3 18
48 1921 6 3
49 1939 2 17
50 1982 46 19
51 2008 7 9
52 2048 28 20
53 2175 19 20
54 2186 8 9
55 2258 2 3
56 2501 6 19
57 2512 4 1
58 2537 73 10
59 2549 33 11
60 2570 3 12
61 2576 6 13
62 2703 7 9
63 2797 7 10
64 2928 35 21
65 2934 3 12
66 2941 7 9
67 2965 8 21
68 3049 3 12
69 3055 8 9
70 3233 7 9
71 3378 7 9
72 3540 8 8