1 5 26 1
2 10 21 2
3 33 13 3
4 78 21 4
5 152 19 1
6 157 14 5
7 184 28 6
8 253 3 6
9 338 8 1
10 383 11 7
11 397 16 8
12 466 8 9
13 477 14 10
14 508 23 11
16 637 44 12
17 739 28 13
18 770 38 14
19 791 7 12
20 801 7 13
21 827 3 14
22 923 2 14
24 1033 7 8
25 1053 10 7
26 1155 19 4
27 1271 21 15
28 1296 3 15
29 1325 8 16
30 1352 2 16
31 1418 3 16
32 1470 15 17
33 1555 3 17
34 1768 9 18
35 1885 3 18
36 1986 9 19
37 2013 3 19
39 2141 13 20
40 2205 7 17
43 2517 23 21
44 2563 2 21
45 2627 54 22
46 2709 3 22
47 2731 5 17
48 2746 21 23
50 2771 7 23
51 2793 24 21
52 2851 3 23
53 2963 14 20
54 3150 9 20
55 3189 11 24
56 3329 26 25
57 3374 8 16
58 3392 2 25
59 3430 4 26
61 3643 6 17
62 3683 5 17
64 3829 5 17
65 3917 62 27
66 4008 4 27
67 4008 16 24
68 4091 18 24
69 4152 2 24
71 4238 16 28
72 4287 6 17
73 4333 2 17
74 4412 16 28
75 4465 32 29
76 4579 2 28
77 4604 8 9
78 4617 7 10
79 4630 5 17
80 4663 28 1
81 4669 22 30
82 4805 4 1
83 4832 2 1
84 4851 20 1
85 4857 14 5
86 4884 24 31
87 4917 14 32
88 4968 35 31
89 5024 15 31
90 5048 9 33
91 5068 3 33
92 5142 15 31
93 5173 8 34
94 5212 2 34
95 5266 3 34
96 5330 22 30
97 5380 21 35
98 5405 6 30
100 5456 6 35
101 5490 40 36
102 5512 18 15
103 5532 24 1
104 5540 16 36
105 5569 23 31
106 5607 3 31
107 5660 8 37
108 5684 20 31
110 5842 5 32
112 6196 27 31
113 6533 6 31
114 6673 7 32
116 6826 32 38
117 6845 13 1
118 6850 8 37
119 6881 3 38
120 6932 26 39
122 6950 8 37
123 6975 19 38
125 7040 2 38
126 7081 16 37
127 7090 7 34
128 7181 2 37
129 7194 3 37
130 7237 14 40
131 7263 4 40
132 7298 5 34
133 7316 3 34
134 7324 2 40
135 7360 8 34
136 7424 41 41
137 7467 8 37
138 7502 12 41
139 7528 39 41
141 7577 6 32
142 7590 18 5
143 7609 6 32
144 7669 3 32
145 7677 4 5
146 7731 5 32
147 7887 14 5
148 7924 5 32
149 7982 12 5
150 8041 19 3
151 8074 2 3
152 8114 40 42
153 8297 15 42
154 8332 13 3
155 8363 18 39
156 8397 43 43
157 8459 3 43
158 8549 10 1
159 8665 8 34
160 8689 18 44
161 8695 3 34
162 8695 12 37
163 8709 15 17
164 8727 8 26
165 8789 3 17
166 8831 3 17
167 8851 10 1
168 8879 8 37
169 8936 2 37
170 8961 11 26
171 9035 4 26
172 9095 3 26
177 9276 8 37
178 9326 2 37
179 9381 7 26
180 9422 2 26
183 9630 36 45
184 9659 7 26
185 9668 4 26
186 9704 8 37
187 9767 7 45
188 10010 6 45
189 10051 17 46
190 10082 2 46
191 10401 19 47
193 10635 5 34
194 10704 8 37
195 10776 19 2
196 10809 57 48
197 10847 19 42
198 10868 2 48
199 10908 10 5
201 11144 8 37
203 11230 9 37
204 11290 8 49
205 11334 3 49
206 11369 13 5
207 11517 23 50
208 11573 9 50
209 11750 25 42
210 11832 23 11
211 11941 5 26
212 11961 7 11
213 12022 2 11
214 12410 22 11
215 12613 5 51
216 12711 6 51
217 12752 9 39
218 12768 5 51
219 12899 23 11
220 12999 36 1
223 13255 14 5
224 13309 5 52
226 13354 4 26
227 13381 3 52
228 13403 14 5
229 13437 7 52
230 13481 20 53
231 13527 2 53
232 13580 5 52
233 13597 10 1
234 13788 8 37
235 13815 22 11
236 13843 2 11
237 13882 2 11
238 14009 8 37
239 14036 7 52
240 14155 13 44
241 14160 8 37
242 14214 5 52
243 14258 3 52
244 14499 5 52
245 14545 4 52
246 14595 5 52
247 14668 5 32
248 14688 5 52
249 14715 4 52
250 14756 8 26
251 14779 2 52
252 14811 3 52
253 14871 3 52
254 14913 3 52
255 14988 5 52
256 15016 19 39
257 15064 8 32
258 15092 3 32
260 15171 6 32
261 15206 8 26
262 15222 2 32
263 15387 6 32
264 15415 2 32
265 15442 6 51
266 15493 6 32
267 15511 5 51
268 15535 9 34
269 15635 7 32
270 15644 5 52
271 15697 6 51
272 15720 4 51
273 15725 3 52
274 15786 6 51
275 15801 9 39
276 15914 46 54
277 15964 3 54
280 16048 10 55
281 16078 3 52
282 16233 8 56
283 16243 13 57
284 16252 4 56
285 16271 2 57
286 16303 19 2
287 16370 40 15
288 16440 8 26
289 16480 20 55
290 16513 7 52
291 16621 21 4
292 16654 10 55
293 16687 2 55
294 16709 29 15
295 16779 5 52
296 16809 3 52
297 16978 7 52
298 17063 8 55
299 17122 3 55
300 17245 30 58
302 17267 8 55
303 17286 9 34
304 17313 13 59
305 17328 7 59
306 17435 35 60
307 17508 2 60
309 17552 17 60
310 17597 23 61
311 17640 3 61
312 17644 13 3
313 17697 23 60
314 17737 36 58
315 17757 16 55
316 17877 14 62
318 17977 8 37
319 18030 20 31
320 18058 15 63
321 18085 4 63
322 18098 8 37
323 18121 20 39
324 18129 2 37
325 18171 12 39
326 18227 2 63
327 18278 18 39
328 18518 9 34
329 18603 7 26
330 18625 4 26
331 18716 18 39
333 18772 7 26
334 18805 4 26
335 18880 2 26
336 18949 9 39
337 18967 2 26
338 19021 33 64
339 19109 7 64
340 19154 2 64
341 19258 6 51
342 19294 12 3
343 19480 7 26
344 19529 2 26
345 19580 30 65
346 19617 3 65
347 19652 22 30
348 19688 4 26
349 19715 10 58
350 19759 2 26
351 19815 27 29
352 19871 10 58
355 20026 7 52
356 20036 29 15
357 20085 7 66
358 20094 17 67
359 20114 13 3
360 20162 10 55
361 20190 27 15
362 20244 12 66
363 20260 17 67
364 20330 26 29
365 20360 31 15
366 20394 3 15
367 20453 20 67
368 20477 13 3
369 20497 14 32
370 20559 20 31
371 20581 3 3
372 20592 28 1
373 20598 22 30
374 20634 2 3
375 20652 24 62
376 20750 9 34
377 20770 9 64
378 20839 20 31
379 20861 9 31
380 20930 15 62
381 20949 36 29
382 21029 10 55
383 21078 6 47
384 21096 8 37
385 21112 7 26
386 21193 26 29
387 21223 16 3
388 21325 10 29
389 21412 7 68
390 21499 12 68
391 21527 35 69
392 21592 12 3
393 21645 3 69
396 21844 6 6
397 21889 2 6
398 22105 6 70
399 22138 4 70
400 22211 29 71
401 22257 26 31
402 22286 26 29
403 22323 3 71
404 22475 12 3
405 22581 5 32
406 22772 14 32
407 22838 18 3
408 22879 3 3
409 22940 2 3
410 23034 24 61
411 23079 2 3
412 23144 18 32
414 23240 40 31
415 23334 17 31
416 23384 23 61
417 23419 3 61
418 23461 4 26
419 23479 8 32
420 23518 2 26
421 23582 23 61
422 23607 13 3
423 23672 27 29
424 23700 28 31
425 23833 34 31
428 23902 3 31
429 23916 21 2
