1 38 7 1
2 49 2 2
3 64 3 1
4 187 2 2
5 273 16 3
6 303 8 1
7 337 4 1
8 426 9 3
9 446 2 2
10 451 5 2
11 587 3 2
12 651 4 2
13 666 2 2
14 688 73 4
15 688 4 2
16 732 2 2
17 939 7 1
18 1026 2 2
19 1055 4 2
20 1141 2 2
21 1207 2 2
22 1345 3 2
23 1388 13 4
24 1426 2 2
25 1474 2 2
26 1518 3 2
27 1536 17 5
28 1561 13 4
29 1644 57 6
30 1787 4 2
31 1816 2 2
32 1824 10 2
33 1865 4 6
34 1983 10 2
35 2070 3 2
36 2086 2 2
37 2117 6 7
38 2136 2 7
39 2141 7 6
40 2226 15 8
41 2249 2 2
42 2273 7 4
43 2283 5 7
44 2341 6 9
45 2361 18 9
46 2384 3 9
47 2388 13 10
48 2404 10 11
49 2439 7 12
50 2576 2 2
51 2595 60 9
52 2615 40 13
53 2770 4 2
54 2843 2 2
55 2863 6 9
56 2905 13 13
57 2945 6 9
58 2957 23 14
59 3076 11 2
60 3104 6 9
61 3169 7 14
62 3397 4 11
63 3404 7 10
64 3529 6 9
65 3538 2 9
66 3581 22 9
67 3652 27 15
68 3694 6 16
69 3701 5 17
70 3718 2 17
71 3743 6 15
72 3773 7 9
73 3801 6 16
74 3869 10 2
75 3989 9 18
76 3995 3 2
77 4010 17 19
78 4019 8 20
79 4124 13 10
80 4140 10 11
81 4152 23 2
82 4178 10 2
83 4211 17 19
84 4220 8 20
85 4256 10 18
86 4256 3 2
87 4268 3 19
88 4292 10 2
89 4408 10 2
90 4465 5 11
91 4485 23 2
92 4526 7 14
93 4536 10 2
94 4580 23 2
95 4629 17 19
96 4638 8 20
97 4802 20 14
98 5283 4 21
99 5336 17 19
100 5345 8 20
101 5380 35 21
102 5417 10 2
103 5447 15 9
104 5478 5 7
105 5499 4 2
106 5523 2 2
107 5567 4 9
108 5636 2 9
109 5654 2 9
110 5680 3 9
111 5851 3 9
112 5945 3 9
113 5988 2 9
114 6131 2 2
115 6313 23 2
116 6347 15 22
117 6398 17 19
118 6407 8 20
119 6465 3 19
120 6510 2 19
121 6533 15 22
122 6574 10 2
123 6593 23 2
124 6625 17 22
125 6645 10 2
126 6697 2 2
127 6719 2 2
128 6774 7 9
129 6958 2 2
130 6971 18 23
131 6990 7 12
132 6999 7 9
133 7009 2 9
134 7023 4 2
135 7034 4 12
136 7039 2 2
137 7109 4 2
138 7121 2 2
139 7278 4 2
140 7324 46 24
141 7333 2 2
142 7372 3 24
143 7396 2 2
144 7408 4 2
145 7421 3 24
146 7542 2 2
147 7561 21 25
148 7593 6 9
149 7608 5 11
150 7643 3 25
151 7657 2 2
152 7674 2 25
153 7698 2 2
154 7720 3 25
155 7725 2 2
156 7745 2 25
157 7755 25 25
158 7782 19 25
159 7925 7 1
160 7973 4 2
161 8015 2 2
162 8059 13 4
163 8160 2 2
164 8252 10 26
165 8282 4 2
166 8302 2 26
167 8318 2 26
168 8444 2 2
169 8489 14 8
170 8598 8 23
171 8657 3 2
172 8695 2 2
173 8709 6 9
174 8736 2 2
175 8784 7 1
176 8814 20 27
177 8872 2 27
178 8926 3 2
179 8977 3 2
180 9085 10 2
181 9170 3 2
182 9174 11 27
183 9211 5 27
184 9244 8 27
185 9288 3 28
186 9317 2 2
187 9353 3 2
188 9366 10 2
189 9431 4 2
190 9436 49 28
191 9512 1 2
192 9518 19 27
193 9544 1 2
194 9549 5 27
195 9586 8 9
196 9597 8 27
197 9616 3 28
198 9739 1 27
199 9748 5 2
200 9761 23 2
201 9902 2 27
202 10063 2 27
203 10152 3 28
204 10181 85 2
205 10252 3 27
206 10321 4 2
207 10327 23 2
208 10402 10 2
209 10498 10 29
210 10528 10 30
211 10547 6 30
212 10584 6 30
213 10663 3 30
214 10702 11 2
215 10717 7 1
216 10725 2 30
217 10767 10 29
218 10813 12 2
219 10932 10 2
220 11144 14 8
221 11284 18 1
222 11315 10 29
223 11330 4 2
224 11370 2 2
225 11481 3 1
226 11558 3 1
227 11599 17 1
228 11652 2 2
229 11675 3 5
230 11735 3 2
231 11749 5 5
232 11764 5 5
233 11809 28 5
234 11845 13 4