1 0 6 1
2 16 6 2
3 73 31 3
4 80 24 4
5 127 24 1
7 209 7 2
8 255 6 1
9 315 7 2
10 345 8 5
12 429 6 4
13 558 18 1
15 579 7 2
16 711 6 1
17 721 21 2
18 774 13 3
19 781 6 4
20 888 21 6
21 911 7 6
22 1024 12 7
23 1041 3 7
24 1081 6 2
25 1103 3 2
26 1112 6 1
27 1120 7 8
28 1130 7 5
29 1188 6 4
31 1353 12 7
35 1443 12 7
36 1458 7 9
37 1483 6 4
38 1533 6 10
39 1591 14 1
41 1639 6 4
44 1698 12 7
45 1756 2 10
46 1872 6 11
47 1881 8 9
48 2011 8 5
49 2040 7 9
51 2111 6 11
52 2206 8 11
53 2318 6 11
55 2349 6 2
56 2396 6 1
57 2418 7 2
58 2445 6 11
59 2510 10 1
60 2510 4 11
61 2524 15 8
62 2541 7 8
63 2578 7 2
65 2624 11 10
67 2678 34 12
68 2690 7 13
69 2729 10 11
70 2766 4 13
71 2818 7 2
72 2829 15 8
73 2878 6 11
74 2885 6 12
75 2906 2 13
76 2982 3 13
77 3044 7 13
78 3074 6 11
79 3082 6 9
80 3147 6 11
