1 2 6 1
3 27 24 2
4 88 7 3
5 162 7 2
6 191 3 2
7 285 10 4
8 301 21 5
9 347 2 6
10 374 12 7
11 403 63 8
14 454 3 9
15 480 12 8
16 517 19 10
18 530 6 11
19 539 7 10
20 599 4 9
21 627 9 8
22 658 7 10
23 680 38 12
24 680 3 10
25 735 14 12
27 790 3 9
28 804 19 13
29 840 24 2
31 905 1 9
32 916 14 14
35 990 3 14
36 1043 3 9
37 1069 16 1
38 1098 7 13
40 1142 7 3
41 1161 6 14
42 1242 23 15
43 1279 14 16
44 1296 15 17
45 1314 17 18
47 1363 3 9
48 1388 19 19
49 1410 21 20
50 1434 45 21
51 1446 17 7
52 1482 24 22
54 1527 3 9
56 1589 21 15
57 1613 5 14
58 1654 6 16
59 1663 9 17
60 1675 12 15
62 1724 2 6
63 1766 3 15
65 1840 2 15
67 1868 13 15
68 1912 14 19
70 1977 12 22
72 2021 26 23
74 2131 4 9
76 2242 13 15
77 2284 8 18
79 2377 2 6
80 2467 19 19
82 2510 16 21
84 2607 17 20
85 2672 2 6
86 2675 2 20
87 2749 2 6
89 2808 38 24
90 2851 4 9
91 2856 2 24
92 2897 4 9
94 3059 29 25
95 3081 7 3
96 3098 3 25
97 3113 48 26
100 3179 11 26
101 3207 1 1
102 3230 23 27
103 3237 16 11
105 3286 16 1
106 3343 2 27
107 3509 100 28
108 3522 9 17
109 3537 6 16
110 3549 8 18
111 3571 8 21
112 3604 5 20
113 3654 2 28
114 3673 3 28
115 3722 4 9
116 3759 14 17
117 3863 1 9
118 3995 14 2
119 4020 3 2
120 4125 10 4
121 4141 21 5
122 4181 3 29
123 4205 2 6
124 4210 14 5
125 4273 22 30
126 4298 3 30
127 4322 15 21
131 4410 6 14
132 4475 3 21
133 4510 23 15
134 4536 2 21
135 4543 3 15
136 4579 6 1
137 4598 15 21
141 4641 17 2
142 4663 6 16
143 4694 6 21
144 4709 3 21
145 4738 2 21
146 4758 3 15
147 4766 4 15
148 4775 15 21
149 4837 2 21
150 4842 4 15
151 4854 16 1
152 4878 4 15
153 4886 14 17
154 4923 4 17
155 4952 7 1
156 4982 7 1
157 5014 1 17
158 5016 3 1
159 5034 2 1
160 5101 21 15
161 5158 16 1
162 5225 5 15
163 5245 2 15
164 5313 2 15
165 5330 16 31
166 5347 6 1
167 5383 2 31
168 5447 20 4
169 5458 9 8
170 5504 14 17
172 5569 9 8
173 5581 5 14
174 5617 9 17
175 5640 14 22
176 5667 3 22
177 5732 3 22
178 5770 2 22
179 5815 1 17
180 5824 4 17
181 5847 3 17
183 5879 14 22
184 5932 14 17
186 5998 2 17
188 6121 9 17
189 6133 6 16
190 6145 2 31
191 6154 2 6
192 6171 3 32
193 6177 14 32
194 6231 5 33
195 6239 9 17
197 6286 6 16
200 6389 24 33
201 6819 15 21
202 6857 11 34
203 6889 1 9
204 6900 16 34
205 6931 2 34
206 6936 3 34
207 6967 10 8
209 7051 12 34
211 7245 3 35
212 7259 2 6
213 7269 2 35
214 7389 3 35
215 7434 4 23
217 7458 18 23
219 7523 5 36
220 7560 1 9
221 7684 8 18
225 7813 1 9
227 8052 14 37
229 8119 9 37
230 8129 4 9
231 8199 2 6
232 8231 42 38
233 8276 7 38
234 8306 14 39
236 8357 2 38
237 8383 3 38
238 8516 9 6
239 8547 22 40
240 8599 2 40
243 8831 3 29
245 8902 7 3
246 8929 7 3
247 8971 14 17
249 9063 3 17
255 9259 14 17
256 9287 3 17
257 9303 17 41
258 9335 2 17
259 9341 3 41
260 9362 14 22
261 9398 14 17
262 9433 34 36
263 9461 6 11
264 9516 22 17
265 9577 3 17
266 9609 18 1
267 9663 23 42
269 9724 6 42
270 9780 14 42
271 9891 15 39
273 9977 13 7
274 10101 21 8
275 10145 21 19
276 10243 19 43
277 10277 20 15
278 10335 20 43
279 10358 5 20
280 10387 19 43
281 10431 3 29
282 10452 8 3
283 10611 19 43
284 10684 25 43
285 10767 3 43
287 10898 6 3
288 11084 2 29
289 11146 18 44
290 11233 17 44
291 11290 3 44
292 11310 19 45
293 11333 3 29
294 11909 9 46
295 11999 9 46
296 12028 13 47
298 12171 9 39
299 12185 13 47
300 12560 11 6
301 12574 3 6
302 12641 33 45
303 12652 2 6
304 12685 2 6
306 12819 11 6
307 12868 5 29
