2 20 14 1
3 46 20 2
4 86 7 2
5 108 8 3
6 132 21 4
7 142 11 5
8 154 9 3
9 174 3 4
10 222 8 3
11 242 17 6
12 261 4 6
13 315 5 6
14 361 3 6
15 386 20 7
16 474 8 1
17 495 23 8
18 526 10 9
19 617 2 9
20 719 21 10
21 776 3 10
22 817 10 1
23 817 18 11
26 1182 20 12
27 1256 9 12
28 1301 17 6
29 1348 12 11
30 1372 2 6
31 1397 6 1
32 1418 3 6
33 1485 2 6
35 1545 17 6
37 1651 3 6
38 1676 20 7
39 1761 16 13
40 1832 2 13
41 1930 14 14
42 1954 7 14
43 1989 7 13
44 1998 7 13
45 2055 5 13
46 2084 17 6
47 2187 2 6
48 2233 2 6
49 2252 11 5
50 2335 12 15
51 2380 21 16
52 2391 10 6
53 2404 12 15
54 2419 2 15
56 2486 2 15
57 2584 3 15
58 2671 11 5
59 2692 3 5
60 2820 8 1
61 2869 23 8
62 3015 12 15
63 3033 10 5
65 3141 30 16
66 3152 19 6
67 3196 12 15
68 3250 11 5
69 3262 14 16
70 3352 20 7
71 3385 13 17
72 3427 2 17
73 3460 13 15
74 3481 11 5
75 3493 9 6
76 3558 8 17
77 3584 13 18
78 3606 8 18
79 3630 11 5
80 3644 9 6
81 3655 38 19
82 3705 8 19
83 3731 13 15
