1 37 6 1
2 49 4 2
3 55 7 3
4 68 6 4
5 79 16 5
6 162 16 6
7 259 8 5
8 310 12 6
9 332 4 2
10 345 6 4
11 381 5 1
12 389 8 3
13 448 15 7
14 577 6 8
15 585 14 7
17 643 6 9
18 650 3 7
20 692 3 7
21 717 7 4
22 727 5 2
27 795 6 9
28 874 19 7
32 1040 2 7
33 1059 6 9
34 1067 2 7
38 1173 14 10
39 1189 2 7
40 1204 25 11
41 1239 29 11
42 1270 9 11
43 1281 7 11
44 1292 4 7
46 1387 2 7
49 1535 26 12
50 1571 3 12
51 1654 3 7
52 1732 2 7
53 1780 5 13
54 1786 5 7
55 1859 11 10
56 1873 10 8
57 1873 2 10
58 1884 2 13
59 2015 19 7
60 2061 14 10
61 2076 5 7
62 2162 2 7
63 2206 6 8
64 2226 3 7
65 2256 2 7
67 2343 10 9
70 2581 6 7
71 2595 8 14
72 2630 23 7
73 2666 24 14
75 2731 13 15
76 2782 3 14
77 2859 21 7
78 2920 9 15
79 2930 3 7
80 2964 6 7
81 3015 3 7
82 3055 6 9
