1 0 9 1
2 26 34 2
3 38 22 3
4 63 9 4
5 103 7 3
6 120 13 2
7 131 2 4
8 135 7 5
9 144 8 6
10 154 7 7
11 163 7 8
12 172 4 9
13 178 6 10
14 187 6 11
15 196 29 2
16 207 18 4
17 265 21 3
18 280 6 12
19 302 19 1
21 417 6 13
23 438 5 9
24 465 35 14
25 481 6 10
26 502 9 14
28 573 9 1
29 612 6 13
31 628 6 11
32 663 8 5
33 673 9 6
34 684 8 7
35 695 8 8
36 705 10 15
37 788 6 12
40 823 9 1
41 874 3 15
42 914 7 3
43 925 3 15
44 981 7 3
45 1008 9 1
48 1073 2 4
49 1112 56 16
50 1133 35 3
51 1162 6 12
53 1308 7 3
55 1335 6 10
56 1344 7 8
57 1353 7 17
58 1378 27 16
59 1398 7 3
60 1410 2 17
61 1434 6 13
