1 0 59 1
2 129 5 2
3 157 5 2
4 165 19 1
5 186 20 1
6 208 38 1
7 213 33 3
8 220 5 4
9 248 34 1
10 296 7 1
11 326 15 3
12 343 2 1
13 399 25 5
14 516 7 5
15 537 7 1
16 588 17 1
17 622 10 6
18 786 3 1
19 832 9 6
20 842 2 1
21 878 22 7
22 981 9 1
23 1004 7 7
24 1043 8 8
25 1058 7 1
26 1083 9 9
27 1106 9 1
28 1127 3 9
29 1229 7 1
30 1246 10 9
31 1258 17 7
32 1309 3 1
33 1322 4 7
34 1352 1 7
35 1361 2 1
36 1383 5 7
37 1399 1 7
38 1433 3 1
39 1437 3 7
40 1485 7 1
41 1504 5 2
42 1530 2 1
43 1530 17 8
44 1548 59 10
45 1566 41 11
46 1593 13 12
47 1611 7 10
48 1670 7 1
49 1727 4 1
50 1753 5 2
51 1802 2 1
52 1829 9 10
53 1885 7 1
54 1893 30 10
55 1912 11 11
56 2010 7 1
57 2110 7 1
58 2120 2 1
59 2277 2 10
60 2297 7 1
61 2346 5 4
62 2353 2 1
63 2493 13 12