1 7 4 1
2 21 5 2
3 35 4 2
4 61 11 1
6 112 29 3
8 145 14 3
9 160 14 2
10 223 5 1
11 238 6 4
12 247 9 2
13 285 6 5
14 292 59 6
17 370 4 6
18 395 36 7
19 406 7 8
20 440 3 7
21 504 2 9
22 553 1 2
23 555 13 6
24 577 2 9
25 616 5 1
26 631 6 4
28 655 6 2
29 664 18 10
30 677 5 1
31 737 11 1
32 758 6 4
33 808 7 2
34 818 6 5
35 871 5 2
36 902 6 4
37 940 2 4
38 950 5 1
39 988 11 1
40 1036 12 11
41 1050 9 2
42 1114 6 4
43 1176 5 1
44 1184 6 4
45 1355 5 1
46 1365 6 4
47 1419 12 11
48 1453 5 1
49 1481 1 2
50 1664 2 12
51 1747 30 13
52 1789 5 13
53 1814 2 12
54 1865 3 13
55 1951 10 2
56 2088 4 1
58 2129 26 14
59 2136 5 1
60 2144 11 15
61 2169 6 4
62 2196 2 14
64 2283 4 1
65 2290 3 1
66 2447 8 14
67 2550 18 2
68 2571 6 4
69 2647 5 1
70 2762 11 14
71 2768 5 1
72 2800 2 14
73 2848 2 16
74 2875 3 16
75 2999 7 14
76 3017 62 17
78 3056 1 2
79 3100 3 17
80 3115 3 2
81 3334 4 16
82 3420 7 14
83 3439 2 16
84 3490 7 18
85 3522 3 18
87 3568 7 8
88 3758 5 1
89 3781 19 19
90 3781 4 16
91 3802 3 19
92 3843 1 2
95 4018 12 14
96 4025 5 1
97 4076 3 20
98 4098 2 14
99 4134 3 14
100 4179 2 20
101 4195 4 20
102 4289 5 1
103 4344 6 10
105 4437 5 21
106 4455 6 10
107 4463 4 21
108 4475 6 10
109 4604 10 2
111 4641 5 1
115 4825 23 4
116 4871 5 1
117 4880 17 22
118 4917 3 22
122 5016 6 4
123 5023 4 1
124 5029 15 22
125 5046 8 22
126 5056 11 15
