1 0 17 1
2 20 14 2
3 54 41 1
4 123 24 3
5 133 14 2
6 155 26 1
7 218 6 4
8 226 20 1
9 249 24 4
10 274 12 1
11 326 3 1
12 374 9 5
13 385 5 1
15 530 35 6
16 622 9 5
17 633 5 7
18 669 3 7
19 674 4 8
20 708 30 1
21 743 5 8
24 811 85 9
26 1006 16 9
30 1332 5 8
32 1404 13 1
34 1505 29 10
35 1767 18 2
37 1919 10 3
39 1935 8 11
40 1966 12 1
41 1980 28 12
44 2091 3 12
45 2186 28 13
46 2193 21 11
47 2204 10 3
49 2260 3 13
50 2396 49 14
51 2440 5 1
52 2462 26 1
53 2648 3 1
54 2702 12 1
55 2748 5 1
56 2785 28 15
57 2815 7 15
58 2875 9 5
59 2915 8 16
60 2932 3 16
61 2958 16 5
62 2985 14 17
63 3000 10 18
64 3056 3 17
65 3060 12 16
66 3163 9 18
67 3190 8 16
68 3215 31 19
69 3256 6 19
70 3365 8 20
71 3390 7 20
72 3458 4 21
73 3508 12 16
74 3655 5 1
76 4157 9 21
77 4201 9 5
78 4529 16 1
79 4560 20 18
80 4755 11 18
81 4817 6 1
82 4824 10 18
83 4918 13 1
85 5287 9 5
88 5565 31 22
89 5613 7 22
90 5768 9 5
91 5779 12 1
92 5891 14 2
93 5908 11 1
94 5965 4 21
95 6008 10 3
98 6051 5 1
99 6103 88 23
101 6193 7 23
104 6361 9 23
107 6498 3 23
108 6547 3 23
109 6594 27 1
110 6662 5 1
112 6790 4 21
113 6883 12 1
114 6897 7 1
115 6952 10 2
117 7082 45 24
118 7113 14 2
119 7191 3 24
120 7195 7 1
125 7265 5 1
126 7324 10 3
127 7351 10 2
128 7351 44 25
129 7447 17 25
130 7510 55 6
131 7567 7 6
132 7876 42 26
133 7899 10 2
134 7931 19 27
135 7955 7 27
136 8003 5 1
137 8015 2 26
138 8042 23 28
139 8088 5 28
140 8175 12 29
141 8190 12 29
143 8263 41 14
144 8288 6 1
145 8326 16 10
146 8381 17 30
147 8400 7 30
148 8420 14 2
149 8650 9 11
150 8687 3 11
