1 33 15 1
2 50 5 2
3 96 15 3
4 230 15 4
5 263 4 5
6 271 13 6
7 302 4 6
8 359 4 4
9 372 3 5
10 405 2 4
11 541 17 7
12 559 6 8
13 574 2 8
15 791 15 1
17 874 14 9
20 925 15 10
22 986 10 10
23 1046 9 9
24 1068 6 10
27 1117 10 11
28 1156 9 11
31 1263 14 3
33 1280 4 3
35 1305 2 3
36 1374 7 12
37 1384 3 12
39 1406 6 13
41 1454 19 14
42 1474 2 12
44 1507 8 14
45 1516 4 15
46 1541 3 15
47 1545 5 13
48 1552 7 12
49 1604 2 12
51 1675 9 9
52 1742 2 9
53 1758 8 14
55 1783 5 16
56 1790 3 9
57 1826 3 9
58 1845 5 16
59 1859 6 9
60 1889 3 9
61 1912 4 9
62 1934 2 9
64 1982 2 9
65 2004 6 17
66 2033 2 17
67 2043 7 12
68 2066 10 9
69 2093 5 16
70 2136 8 12
71 2187 4 12
75 2322 19 18
76 2346 7 18
78 2388 27 19
79 2445 7 18
80 2463 5 19
81 2469 6 20
82 2574 7 21
83 2589 4 21
84 2630 6 20
85 2681 8 22
87 2731 3 22
88 2808 7 7
89 2818 7 7
90 2868 2 7
91 2934 12 23
92 2988 3 23
93 3008 7 24
94 3017 6 24
95 3024 12 25
96 3054 2 24
97 3089 12 23
98 3127 4 26
99 3198 3 26
100 3209 7 24
101 3308 24 27
103 3335 2 27
104 3349 10 25
107 3489 5 2
108 3510 13 28
109 3542 4 28
112 3664 27 29
113 3777 13 29
