1 12 21 1
2 40 6 1
4 67 1 1
5 97 7 2
6 125 3 2
7 162 10 3
8 169 3 1
9 212 1 1
10 271 3 1
11 332 9 1
13 401 6 1
15 436 2 1
17 462 5 4
18 489 2 1
20 516 26 5
21 553 2 5
23 603 6 3
24 619 4 1
25 643 2 1
27 719 9 1
28 783 6 4
29 793 41 6
30 813 21 7
31 852 2 1
32 864 28 8
34 881 3 1
35 911 10 8
36 924 21 1
37 1013 17 1
39 1075 6 9
40 1083 4 10
42 1133 11 1
43 1169 5 4
44 1207 2 1
45 1230 2 1
46 1415 12 11
47 1468 2 1
48 1552 4 1
50 1673 4 10
51 1696 3 1
52 1724 3 1
53 1793 7 1
54 1903 3 1
55 1920 9 1
56 2024 3 1
57 2098 4 1
58 2132 3 1
59 2143 4 10
60 2164 3 1
62 2274 7 1
64 2372 2 1
65 2486 2 1
68 2587 3 1
70 2629 3 1
75 2720 5 1
76 2740 2 1
77 2871 4 1
78 2933 3 1
79 2955 9 1
80 2968 4 1
81 3025 4 1
82 3042 1 1
83 3061 1 1
84 3083 5 1
85 3119 4 1
87 3168 1 1
88 3198 1 1
89 3219 3 1
91 3280 1 1
92 3312 1 1
93 3421 1 1
95 3454 16 1
96 3512 3 1
97 3541 63 12
98 3614 4 1
99 3624 3 1
100 3624 8 10
101 3647 15 13
102 3664 3 12
103 3767 10 13
104 3828 15 1
105 3904 4 1
106 3910 15 10
107 3950 2 1
109 4016 5 1
111 4063 15 10
113 4208 4 10
114 4214 11 1
115 4238 12 14
116 4238 24 15
117 4279 12 15
118 4293 2 1
119 4337 4 1
120 4367 5 1
121 4418 2 1
122 4464 2 1
123 4713 5 1
124 4721 5 10
125 4756 15 10
126 4801 4 1
127 4828 4 1
128 4896 9 14
129 4928 2 1
130 4952 47 16
132 5023 3 16
133 5061 3 1
134 5143 8 17
135 5191 3 1
136 5267 8 1
137 5278 12 11
139 5332 10 1
140 5345 3 16
142 5441 3 1
143 5461 11 16
144 5512 1 1
145 5593 3 16
146 5608 3 1
147 5639 1 1
148 5647 2 16
149 5668 3 1
150 5694 6 1
151 5714 1 1
152 5759 1 1
153 5806 4 16
154 5814 2 18
155 5872 9 18
156 5884 1 1
157 5895 3 16
160 5945 3 18
161 5972 3 16
162 5990 1 1
163 6000 2 18
164 6015 2 18
165 6091 1 1
166 6112 3 16
167 6138 1 1
168 6176 2 16
170 6249 5 1
171 6310 10 1
172 6401 5 1
173 6437 43 19
174 6445 35 20
175 6461 2 1
176 6490 53 21
177 6508 13 14
179 6563 12 11
181 6610 10 19
182 6621 3 1
183 6621 8 10
184 6632 13 10
185 6648 21 10
186 6672 18 11
187 6763 10 1
188 6799 11 20
189 6833 3 1
190 6833 9 10
191 6900 11 15
192 6947 17 21
193 6966 4 1
194 6981 4 10
195 7045 4 10
196 7084 4 1
197 7093 15 10
198 7194 2 10
199 7208 4 1
200 7256 15 10
201 7304 6 1
202 7396 2 1
203 7483 2 1
206 7572 3 1
208 7669 3 1
209 7711 5 10
210 7719 4 10
211 7762 3 1
212 7804 4 1
213 7910 3 1
214 7939 4 10
215 7964 17 10
216 8050 2 10
217 8104 10 4
218 8139 21 1
219 8200 4 10
220 8218 3 1
221 8322 5 4
222 8356 4 1
223 8383 14 22
224 8411 1 22
228 8481 81 1
233 8566 4 1
234 8630 14 22
235 8661 9 23
236 8706 3 22
237 8741 5 1
238 8753 3 1
239 8795 9 1
240 8825 14 22
241 8860 3 1
242 8870 3 1
243 8893 2 1
246 8972 13 1
247 8997 3 1
248 9045 3 1
249 9066 14 22
250 9081 9 1
251 9165 7 23
252 9216 12 11
255 9275 10 1
257 9395 7 23
258 9491 2 1
259 9592 14 22
260 9609 21 23
261 9640 3 1
262 9655 24 24
263 9681 6 24
264 9738 5 1
265 9775 8 1
266 9849 11 25
268 9897 5 24
270 9931 14 22
273 10035 15 9
274 10040 10 1
275 10100 13 1
276 10117 7 25
277 10126 11 24
278 10182 14 22
279 10198 7 23
280 10208 5 24
281 10214 9 1
282 10290 12 11
283 10336 9 1
284 10370 2 1
285 10378 3 1
286 10412 2 1
287 10439 11 26
288 10498 3 1
289 10517 11 26
290 10531 4 1
291 10603 11 26
292 10742 3 1
295 11190 7 27
298 11235 7 28
299 11243 3 27
300 11305 59 28
301 11345 19 27
302 11523 10 1
303 11546 4 1
306 11656 3 1
307 11694 2 1
309 11769 17 29
310 11790 4 1
311 11864 2 1
312 11876 20 30
313 11909 14 30
314 11939 7 23
315 11978 5 23
316 11985 5 1
320 12076 3 1
323 12127 7 23
324 12136 3 1
326 12182 2 1
329 12266 3 1
331 12315 10 1
332 12367 8 1
334 12450 9 1
335 12477 12 11
336 12510 4 1
339 12609 12 31
340 12634 2 1
341 12651 35 32
342 12709 79 33
343 12779 9 1
344 12792 14 22
345 12808 13 29
346 12824 13 32
347 12852 3 1
349 12892 3 33
351 12907 2 1
352 13032 2 32
353 13044 3 1
354 13064 3 32
355 13084 3 32
359 13365 10 1
360 13378 2 1
361 13403 4 1
362 13533 9 1
363 13554 4 1
365 13574 56 34
366 13605 25 15
367 13605 12 14
368 13657 3 1
369 13678 3 1
371 13736 2 1
372 13778 3 1
373 13799 9 34
374 13828 4 1
375 13879 12 11
376 13920 5 32
377 13940 2 32
378 14005 4 1
379 14013 23 34
380 14037 2 32
381 14103 10 1
382 14149 17 35
383 14168 5 35
384 14242 9 1
385 14301 3 35
386 14419 2 1
387 14422 5 23
388 14430 2 1
389 14485 26 36
390 14514 9 36
391 14541 4 1
393 14679 19 36
394 14686 12 37
395 14723 50 38
396 14789 1 1
397 14806 9 1
398 14918 34 39
399 14945 7 38
400 14967 5 32
401 14976 9 1
402 14994 3 39
404 15008 5 38
405 15083 18 35
406 15106 13 38
407 15246 4 10
408 15252 9 1
409 15264 6 4
410 15285 5 32
411 15302 7 31
414 15440 10 1
415 15476 2 1
417 15638 2 1
418 15650 6 1
420 15708 13 7
421 15723 15 40
423 15782 4 6
425 15914 5 40
427 15968 3 6
429 16217 2 1
434 16473 10 1
435 16550 5 4
437 16606 3 1
438 16647 2 1
439 16717 9 1
440 16817 2 1
441 16877 8 17
442 16896 3 1
444 16963 1 1
445 17053 1 1
446 17085 3 1
447 17085 9 4
448 17112 3 1
449 17147 3 1
450 17212 1 1
452 17284 4 1
453 17302 4 1
454 17445 3 1
455 17485 1 1
456 17555 9 1
457 17576 28 8
458 17593 3 1
459 17615 3 1
460 17766 4 41
461 17784 12 41
464 17845 10 1
465 17887 9 1
468 17924 2 1
469 17955 17 42
470 17987 13 7
471 18001 2 1
473 18039 2 1
474 18070 17 42
475 18113 14 41
476 18167 31 43
477 18188 10 1
478 18200 8 43
479 18200 3 1
480 18247 6 1
481 18297 4 1
482 18308 2 1
483 18335 21 44
486 18384 11 37
487 18408 3 44
488 18520 2 1
489 18531 17 35
490 18573 17 42
491 18595 3 1
