1 2 7 1
2 51 13 1
3 116 21 2
4 180 25 1
5 274 7 1
6 307 7 1
7 364 14 3
9 403 3 1
11 452 30 4
14 502 19 5
15 576 27 2
16 598 5 6
17 618 33 7
22 714 85 4
23 777 22 1
24 901 28 1
25 927 2 5
26 1263 18 1
27 1327 4 7
28 1352 7 1
29 1402 11 8
30 1454 14 1
32 1475 3 1
33 1492 12 4
34 1506 7 4
35 1568 19 5
36 1706 2 4
37 1848 7 1
38 1858 1 4
39 1930 5 4
40 1944 3 4
41 1996 5 6
42 2039 4 9
43 2047 49 10
44 2080 16 1
45 2146 3 10
46 2197 24 2
47 2300 10 8
50 2464 36 11
51 2464 11 3
53 2523 16 1
54 2567 16 12
55 2585 88 12
56 2635 3 1
57 2654 19 5
58 2825 7 1
59 2855 7 1
61 2991 8 3
62 3001 2 1
63 3238 7 1
64 3260 3 1
65 3266 8 3
66 3303 14 11
67 3389 8 1
69 3431 5 6
70 3450 3 1
72 3553 19 5
73 3639 16 1
74 3668 35 13
75 3685 2 5
76 3706 6 1
77 3735 3 1
78 3752 8 3
80 3788 2 1
81 3861 5 13
82 3884 8 1
83 3984 49 9
84 4049 7 1
87 4197 4 9
88 4214 8 1
89 4256 6 1
90 4263 5 1
91 4337 2 1
92 4349 5 6
94 4493 16 4
95 4539 20 1
