1 15 6 1
2 36 5 2
3 54 5 2
4 83 99 3
5 90 14 4
6 107 13 5
8 175 6 1
9 184 13 6
10 218 28 7
12 303 6 1
13 640 6 1
14 823 18 1
15 865 17 8
16 886 6 3
17 998 9 9
18 1089 9 8
19 1199 9 8
20 1221 14 3
21 1230 5 2
22 1261 9 9
23 1348 4 9
24 1379 6 1
25 1419 17 9
26 1464 19 3
27 1471 4 4
28 1478 5 5
29 1530 9 8
30 1564 6 3
31 1592 6 1
32 1634 6 3
33 1674 8 1
34 2024 9 8
35 2124 29 3
36 2131 22 6
37 2183 13 7
38 2218 6 1
39 2225 2 7
40 2298 2 7
41 2346 6 1
42 2442 6 1
43 2449 17 6
44 2461 5 2
45 2539 6 1
46 2570 8 1
47 2667 6 1
48 2710 63 10
49 2781 8 10
50 2980 6 1
55 3390 5 2
