1 0 18 1
2 37 3 2
3 186 23 3
5 249 9 3
6 299 7 4
7 356 9 4
8 438 49 5
11 550 17 1
12 600 6 6
13 623 3 6
14 642 10 5
18 742 6 7
19 774 2 7
24 987 24 8
26 1005 6 7
27 1017 2 7
28 1102 3 8
29 1279 4 5
31 1307 32 7
33 1343 15 5
36 1381 15 9
37 1419 11 9
38 1438 8 9
39 1511 8 10
40 1539 6 9
42 1591 20 11
44 1638 6 9
45 1704 14 12
46 1733 3 12
48 1789 7 11
49 1803 4 5
50 1815 9 13
51 1899 6 9
52 1928 9 13
54 2052 9 14
55 2064 5 14
57 2109 18 15
60 2202 9 16
61 2209 2 15
66 2293 6 16
76 2561 3 15
87 2956 52 17
90 3027 6 18
91 3066 7 18
92 3082 4 17
93 3101 2 17
95 3197 4 5
96 3233 6 9
98 3423 13 19
100 3547 4 5
101 3554 6 20
102 3630 4 5
103 3689 6 9
105 3783 7 21
106 3808 6 20
108 3847 3 21
110 4029 10 22
111 4044 6 9
113 4094 7 23
114 4125 4 24
116 4200 3 5
117 4255 6 9
120 4337 2 2
121 4341 6 2
122 4365 17 25
124 4386 1 2
125 4391 2 25
126 4408 7 25
128 4474 18 26
129 4533 13 27
130 4541 5 28
131 4548 5 27
132 4603 11 5
133 4681 5 26
134 4775 5 28
135 4793 3 25
136 4797 5 29
137 4804 7 25
139 4853 29 29
140 4953 4 24
143 5121 7 25
144 5156 6 2
145 5200 4 19
146 5217 11 24
148 5289 3 24
152 5439 5 22
153 5447 4 30
154 5576 9 1
155 5634 3 2
156 5748 14 5
158 5776 17 31
160 5802 7 31
164 6022 17 32
165 6087 3 32
168 6303 8 23
170 6401 7 23
174 6564 7 23
177 6606 7 23
179 6674 17 33
182 6699 8 23
184 6929 2 34
185 6940 7 34
186 6956 4 34
187 7001 7 2
188 7020 4 34
189 7058 7 2
191 7115 7 2
192 7161 4 34
193 7197 6 34
195 7205 7 34
196 7225 7 2
197 7317 2 34
199 7396 1 2
200 7400 11 35
201 7408 3 34
202 7435 9 36
203 7449 7 37
204 7476 7 38
205 7508 8 36
208 7610 3 35
209 7648 3 35
211 7748 7 38
212 7803 7 35
217 8005 7 37
225 8173 8 33
226 8197 8 23
232 8342 8 23
249 8762 3 2
250 8858 7 23
253 9388 30 39
254 9428 4 2
255 9515 5 39
256 9597 30 40
257 9605 22 41
259 9639 7 23
260 9694 12 40
267 10235 31 42
268 10280 2 42
270 10342 3 42
272 10403 17 43
273 10421 1 2
274 10456 22 41
276 10490 3 43
277 10506 4 44
278 10536 3 43
279 10557 7 40
280 10645 18 45
283 10709 3 45
284 10830 19 46
285 10854 7 46
286 10874 37 47
290 10998 7 47
291 11026 4 44
292 11071 11 48
293 11102 15 49
294 11138 5 49
296 11163 11 44
298 11202 2 48
299 11207 5 41
300 11246 2 41
302 11356 11 50
303 11362 5 41
304 11377 5 50
305 11434 3 51
306 11440 6 52
307 11454 2 51
308 11466 5 44
309 11475 11 50
310 11509 3 51
311 11558 3 51
312 11605 2 51
313 11615 5 51
314 11615 54 52
315 11710 3 2
316 11714 3 51
319 11904 7 53
323 11967 2 53
324 12098 11 40
326 12150 3 51
327 12184 5 10
332 12389 3 51
333 12401 5 50
341 12635 5 41
342 12642 3 41
343 12705 3 41
346 12750 3 41
347 12888 6 10
348 12898 11 1
359 13124 3 50
360 13278 24 40
361 13286 16 41
362 13456 25 54
363 13510 3 54
364 13666 39 55
365 13666 5 2
369 13792 5 56
370 13826 7 13
372 13850 2 13
374 14122 5 56
375 14164 26 57
376 14191 19 58
377 14220 8 57
380 14338 5 56
381 14357 2 56
382 14369 3 5
384 14407 7 59
387 14457 17 60
388 14476 3 60
390 14537 6 61
391 14553 3 61
393 14587 12 58
394 14605 4 5
395 14813 3 5
396 14932 2 5
397 15122 10 5
401 15324 1 2
403 15346 16 55
405 15382 4 62
414 15716 6 63
415 15724 13 64
417 15747 16 55
418 15777 4 65
423 15845 2 64
424 15917 5 65
425 15924 15 55
429 16007 4 62
430 16012 9 66
431 16023 4 62
433 16059 15 55
434 16129 2 55
435 16139 7 67
436 16149 2 55
438 16225 12 67
439 16233 4 55
440 16252 2 55
444 16346 6 64
446 16362 9 66
447 16373 2 55
448 16550 1 2
450 16673 31 68
451 16688 16 55
452 16737 5 63
453 16770 46 69
456 16828 5 69
457 16873 37 70
459 16929 3 70
461 16971 3 70
462 16990 2 70
463 17033 8 71
464 17129 27 72
465 17182 6 73
466 17190 2 73
469 17251 3 72
470 17271 2 72
474 17459 3 72
476 17527 6 70
477 17574 4 72
478 17642 7 74
479 17661 4 75
480 17680 12 71
481 17686 6 70
482 17707 4 72
483 17764 10 63
485 17797 9 70
487 17926 4 63
488 18044 6 70
489 18136 5 63
491 18175 26 72
494 18300 16 76
495 18368 7 76
497 18418 4 72
498 18472 5 63
499 18540 4 72
500 18580 5 63
501 18630 16 68
503 18649 58 77
504 18657 50 78
505 18736 7 77
507 18848 28 78
508 18877 5 68
509 19157 21 79
510 19226 3 80
511 19336 4 80
512 19357 21 81
513 19380 7 81
518 19488 5 81
521 19642 16 75
523 19677 5 74
524 19739 7 82
526 19778 50 83
530 20036 11 83
531 20072 61 84
532 20141 2 84
533 20151 14 83
534 20180 15 82
535 20298 9 79
538 20446 33 77
540 20544 41 85
542 20599 3 85
543 20684 5 86
545 20799 40 86
546 20840 5 86
547 20963 2 86
548 21048 5 87
549 21169 12 87
551 21189 18 87
553 21614 18 88
554 21688 12 89
555 21697 3 88
557 21799 2 89
558 21818 3 88
559 21839 4 89
564 22050 11 79
569 22274 3 90
570 22289 19 91
571 22304 4 90
573 22344 2 90
574 22358 3 91
575 22369 5 92
576 22376 5 92
577 22404 3 92
584 22740 7 93
585 22749 2 93
586 22777 2 93
589 22875 25 94
590 22938 2 94
592 22960 4 2
594 22975 55 95
595 23060 4 95
596 23121 17 1
597 23206 3 2
598 23274 7 33
599 23284 8 23
600 23301 16 41
601 23331 15 55
602 23462 1 2
603 23482 7 23
604 23546 1 2
606 23584 6 96
608 23616 5 97
610 23644 5 96
611 23651 5 97
612 23714 1 2
613 23779 1 2
614 23794 7 98
615 23870 7 23
616 23891 7 98
618 24028 3 30
619 24033 1 2
621 24100 4 2
624 24154 5 99
625 24163 1 2
627 24280 5 99
628 24293 4 100
629 24302 8 100
630 24356 7 59
632 24415 5 101
633 24422 1 2
634 24431 2 101
635 24517 33 102
636 24568 4 2
637 24613 14 102
638 24673 2 102
642 24938 11 103
645 25010 23 104
648 25083 14 105
649 25108 15 104
651 25162 6 102
652 25200 7 105
653 25232 6 106
657 25289 6 103
658 25297 2 102
661 25408 3 102
662 25472 2 102
663 25483 3 107
666 25508 3 102
667 25586 4 107
668 25647 8 106
669 25658 15 108
671 25835 5 108
672 25842 5 102
673 25863 12 109
675 25965 3 102
677 25976 7 110
678 25991 5 107
679 26030 2 110
680 26062 4 109
682 26102 5 111
683 26117 4 109
684 26154 4 112
685 26159 2 111
686 26183 4 112
688 26219 6 113
689 26230 4 114
690 26282 17 115
695 26380 16 116
696 26389 7 117
697 26406 7 117
699 26444 8 118
700 26480 3 116
701 26514 20 119
703 26536 7 119
705 26594 4 119
706 26620 5 120
707 26627 5 120
708 26650 21 121
710 26711 5 120
711 26793 11 121
712 26882 7 115
713 26930 4 115
714 26945 7 115
715 27052 5 102
716 27066 10 122
717 27072 4 114
718 27094 2 114
719 27206 8 115
720 27243 9 118
721 27254 7 123
722 27279 7 122
723 27288 5 102
724 27320 4 123
725 27332 2 102
726 27349 4 109
727 27376 4 109
728 27396 2 109
729 27399 7 124
730 27409 7 124
731 27418 11 124
732 27431 6 113
734 27748 7 125
735 27764 22 125
740 27960 6 126
741 27996 3 126
