1 0 27 1
2 15 12 2
3 38 24 3
4 71 36 1
5 91 91 4
6 205 15 5
7 231 19 1
8 238 43 2
9 265 16 4
10 293 8 4
11 339 25 6
12 360 4 7
13 388 12 2
14 549 9 8
15 628 25 8
16 655 34 2
17 691 33 2
18 726 27 2
19 768 12 2
20 802 26 8
21 848 38 4
22 888 4 4
23 974 29 6
24 999 4 7
25 1216 5 4
26 1239 25 8
27 1348 6 4
28 1526 8 4
29 1579 9 9
30 1614 5 4
31 1620 3 9
32 1755 14 4
33 1755 6 2
34 1770 12 2
35 1813 11 10
36 1881 21 10
37 1914 6 2
38 2069 2 11
39 2072 11 10
40 2087 3 11
41 2177 3 2
42 2185 5 2
43 2185 12 1
44 2198 12 2
45 2257 11 10
46 2287 8 4
47 2355 6 1
48 2494 22 5
49 2519 16 3
50 2552 12 2