1 0 31 1
2 10 6 2
3 41 32 3
4 50 8 4
5 106 26 5
6 115 17 6
7 135 12 5
8 183 6 2
9 199 7 3
10 234 18 1
11 255 8 7
12 265 3 3
13 292 6 1
14 317 24 1
15 335 6 2
16 353 65 5
17 420 16 5
18 451 6 2
19 516 5 1
20 524 5 1
21 532 7 3
22 644 7 7
23 653 5 1
24 672 28 8
25 715 17 1
26 726 6 2
27 765 5 1
28 854 13 8
29 904 2 8
30 925 4 1
31 957 21 5
32 966 12 6
33 1010 6 1
34 1019 8 4
35 1031 8 4
36 1135 8 7
37 1149 5 1
38 1157 7 3
39 1249 22 9
40 1326 21 5
41 1335 12 6
42 1391 6 2
43 1502 58 10
44 1516 15 9
45 1634 6 2
46 1650 35 11
47 1687 7 11
48 1724 53 12
49 1814 17 12
50 1843 9 11
51 1873 6 1
52 1881 9 11
53 1936 6 2
54 1951 5 10