1 0 12 1
2 22 7 2
3 54 15 3
4 63 6 2
5 85 5 4
6 93 73 1
7 126 17 2
8 174 36 5
9 205 5 2
10 233 13 5
11 247 2 1
12 273 6 3
13 282 5 4
14 322 50 6
15 374 5 2
16 388 21 6
17 486 9 1
18 497 6 3
19 563 2 3
20 672 10 6
21 698 53 7
22 756 3 7
23 831 6 3
24 863 9 7
25 877 9 6
26 893 3 3
27 991 12 4
28 1005 8 1
29 1022 2 3
30 1039 13 1
31 1060 24 7
32 1123 19 7
33 1163 4 3
34 1168 2 1
35 1185 12 1
36 1222 5 4
37 1239 3 1
38 1292 1 1
39 1314 4 1
40 1352 5 2
41 1359 1 1
42 1395 11 3
43 1415 3 3
44 1441 4 1
45 1564 7 2
46 1728 14 3
47 1735 7 2
48 1775 7 1
49 1818 6 8
50 1835 8 8
51 1835 15 2
52 1864 10 3
53 1904 8 1
54 1928 8 1
55 1948 6 3
56 1972 17 6
57 1984 5 4
58 2002 32 9
59 2010 6 2
60 2037 3 3
61 2157 3 3
62 2190 13 10
63 2216 7 9
64 2284 14 3
65 2291 7 2
66 2320 9 6
67 2402 9 10
68 2476 8 1
69 2551 14 3
70 2575 13 1