1 0 4 1
2 18 28 2
3 40 6 3
4 72 5 4
5 216 5 5
6 232 4 5
7 247 4 6
8 303 4 1
9 310 4 1
10 340 5 5
11 347 3 5
12 375 17 7
13 415 17 7
14 460 4 1
15 468 2 1
16 545 9 8
17 562 20 9
18 603 49 10
20 654 3 10
21 917 17 11
23 948 1 12
24 967 17 11
26 1188 10 13
30 1451 4 6
31 1481 2 6
32 1546 2 6
33 1777 5 6
34 2087 16 9
37 2111 18 9
38 2133 3 14
45 2294 9 15
46 2294 62 16
48 2363 7 16
49 2466 4 1
50 2481 7 16
52 2607 1 12
53 2648 3 14
54 2770 6 14
55 2894 3 14
56 2944 18 17
57 2965 2 17
58 3011 28 17
59 3102 11 17
61 3186 3 17
63 3286 18 17
64 3328 3 17
66 3356 3 14
67 3371 28 18
68 3401 3 18
69 3415 1 12
70 3466 27 8
72 3548 19 19
74 3597 18 20
75 3597 8 21
77 3670 11 22
78 3698 22 23
79 3705 15 24
81 3738 7 24
83 3787 3 12
84 3797 18 19
85 3816 3 12
86 3838 8 21
87 3838 18 20
88 3876 9 21
89 3876 19 20
91 3930 8 21
92 3950 10 22
93 3961 1 12
94 3979 6 23
96 4101 9 25
97 4161 9 25
99 4250 25 26
100 4256 19 27
102 4290 17 26
104 4401 8 27
105 4423 9 25
106 4460 9 25
108 4524 21 28
109 4549 2 28
111 4765 12 29
114 4818 12 29
115 4867 13 29
121 5134 30 30
123 5167 21 31
126 5190 5 31
127 5243 17 32
128 5271 2 32
129 5313 3 14
130 5317 7 33
131 5364 2 33
132 5375 1 12
134 5425 33 4
135 5469 5 4
136 5477 28 2
138 5499 6 3
139 5527 2 2
140 5630 9 34
141 5642 3 12
143 5680 9 34
144 5809 8 34
147 5940 24 26
148 5956 8 27
149 5990 2 26
150 6004 1 12
151 6009 3 26
152 6074 9 13
153 6085 14 35
156 6108 11 35
157 6121 14 30
159 6161 12 36
163 6232 12 36
164 6251 3 36
167 6380 29 37
168 6380 13 15
169 6475 3 37
171 6511 12 38
173 6579 6 15
174 6615 6 38
176 6678 14 39
177 6717 6 39
178 6838 1 12
179 6840 3 39
180 6848 4 1
181 6888 14 40
182 6932 11 41
183 6948 3 41
184 6969 3 40
185 6988 15 42
186 7004 11 43
188 7084 1 12
189 7102 3 43
190 7120 4 1
191 7138 3 12
192 7161 4 42
193 7168 15 44
195 7190 9 15
197 7258 4 44
201 7348 4 12
203 7429 8 45
204 7475 33 45
205 7659 8 45
207 7721 6 15
211 7951 1 12
212 7960 8 8
213 7970 26 8
214 8152 5 5
