1 0 5 1
2 19 5 1
3 43 9 1
4 95 19 2
5 109 5 3
6 126 15 4
7 148 16 4
8 179 13 2
9 204 17 5
10 228 14 5
11 283 6 6
12 323 5 3
13 329 9 1
14 365 13 2
15 386 5 7
16 394 6 8
17 404 5 9
18 452 6 6
19 468 17 10
20 477 8 1
21 488 2 10
22 522 6 3
23 536 8 1
24 546 9 1
25 586 20 11
27 607 35 12
29 643 9 13
30 654 19 11
31 696 2 11
32 754 6 3
33 771 22 12
34 838 6 6
35 904 5 9
36 953 19 13
37 994 5 3
38 1029 8 1
39 1039 6 8
40 1047 6 8
41 1055 9 8
42 1092 16 4
43 1166 11 9
44 1172 5 3
45 1179 2 8
46 1226 5 9
47 1284 6 7
48 1292 6 7
49 1356 5 9
50 1363 6 7
51 1392 5 9
52 1427 6 3
54 1542 26 14
55 1571 3 14
56 1691 6 8
57 1702 16 4
58 1735 24 10
59 1753 6 6
60 1802 3 10
61 1854 3 10
62 1898 6 6
64 1927 7 6
67 1970 2 10
68 1994 17 5
69 2062 6 6
