1 7 25 1
2 24 8 2
3 46 22 3
5 128 25 1
6 145 8 2
7 228 14 4
8 259 24 1
10 402 21 5
12 439 3 5
13 545 9 6
14 557 13 7
15 573 8 2
16 660 9 8
17 769 10 9
18 774 5 10
19 790 2 10
20 824 8 2
21 834 11 11
22 847 7 12
23 857 12 13
24 905 8 2
25 925 6 2
26 971 4 2
27 982 41 14
28 1015 8 2
29 1025 20 11
30 1058 7 12
31 1081 11 11
32 1119 22 3
33 1142 10 14
34 1205 8 2
35 1317 24 1
36 1333 8 2
37 1343 7 1
38 1364 14 9
39 1394 36 15
41 1504 8 2
42 1553 3 2
43 1627 3 2
44 1747 8 2
45 1781 3 2
46 1805 29 15
47 1838 24 1
48 1854 8 2
49 1918 4 1
50 1940 15 16
51 1957 7 16
53 2136 47 17
55 2185 4 17
56 2194 21 3
57 2295 8 2
58 2423 14 17
59 2533 22 1
60 2547 8 2
61 2630 6 6
62 2639 10 7
63 2677 11 7
64 2731 7 6
65 2758 3 7
66 3027 24 1
67 3043 8 2
68 3153 9 8
69 3205 8 18
70 3255 2 18
71 3285 26 4
73 3363 2 4
74 3378 19 1
75 3428 2 1
76 3461 12 13
77 3524 14 4
