1 0 12 1
2 22 7 2
3 54 15 3
4 63 6 2
5 85 5 4
6 93 73 1
7 126 17 2
9 174 36 5
10 205 5 2
12 233 13 5
13 247 2 1
14 273 6 3
15 282 5 4
17 322 50 6
18 374 5 2
19 388 21 6
20 486 9 1
21 497 6 3
22 563 2 3
24 672 10 6
25 698 53 7
26 756 3 7
27 831 6 3
28 863 9 7
29 877 9 6
30 893 3 3
31 991 12 4
32 1005 8 1
33 1022 2 3
34 1039 13 1
35 1060 24 7
36 1123 19 7
37 1163 4 3
38 1168 2 1
39 1185 12 1
40 1222 5 4
41 1239 3 1
42 1292 1 1
43 1314 4 1
44 1352 5 2
45 1359 1 1
46 1395 11 3
47 1415 3 3
48 1441 4 1
49 1564 7 2
52 1728 14 3
53 1735 7 2
55 1775 7 1
56 1818 6 8
57 1835 8 8
58 1835 15 2
59 1864 10 3
60 1904 8 1
61 1928 8 1
62 1948 6 3
63 1972 17 6
64 1984 5 4
65 2002 32 9
66 2010 6 2
67 2037 3 3
68 2157 3 3
69 2190 13 10
70 2216 7 9
72 2284 14 3
73 2291 7 2
75 2320 9 6
76 2402 9 10
77 2476 8 1
79 2551 14 3
81 2575 13 1
