1 6 5 1
2 37 6 2
3 46 5 3
4 101 40 4
6 160 5 4
10 235 19 5
12 270 7 5
13 290 19 6
14 528 3 6
15 603 19 6
16 688 51 7
17 741 4 7
18 755 27 8
19 763 9 9
20 844 15 7
21 844 9 9
22 877 3 7
24 937 11 7
25 987 3 7
30 1227 4 7
32 1338 3 7
33 1410 3 7
34 1435 14 10
35 1524 22 11
36 1531 8 3
37 1560 2 11
38 1608 6 3
39 1631 9 10
41 1721 6 2
43 1738 5 1
44 1927 5 1
45 2026 21 8
46 2027 9 9
47 2058 17 6
48 2087 2 6
49 2116 6 2
51 2210 3 8
52 2269 19 6
54 2566 5 7
55 2612 6 2
56 2656 24 6
57 2662 8 3
58 2691 5 7
59 2928 22 8
60 2929 9 9
61 2951 4 7
62 3108 17 6
63 3166 17 12
64 3225 44 10
67 3301 9 13
68 3377 11 14
69 3435 3 14
70 3464 4 14
71 3490 11 14
72 3607 14 10
73 3785 28 10
75 3836 4 7
76 3864 5 7
77 3886 11 10
78 3949 6 2
79 3968 17 10
80 3974 11 14
81 4055 15 9
82 4091 64 15
87 4167 4 15
90 4316 12 10
91 4330 3 10
93 4472 9 10
94 4534 17 12
95 4563 2 12
96 4569 9 13
98 4777 10 2
99 5026 5 16
100 5139 11 16
101 5153 5 7
102 5199 6 3
103 5211 5 3
104 5217 13 17
106 5246 5 1
107 5281 6 17
