1 34 4 1
2 93 14 2
3 158 4 2
4 220 10 3
5 220 18 1
6 284 10 4
9 429 8 3
12 572 9 4
13 630 7 4
14 641 3 4
15 689 2 5
16 709 3 5
17 777 2 5
18 800 8 3
19 811 8 3
20 873 2 5
21 914 1 6
22 929 8 3
23 1011 2 5
24 1021 4 5
25 1064 41 6
26 1080 8 3
27 1108 8 2
28 1215 2 2
29 1257 8 7
30 1267 15 2
31 1267 3 7
32 1326 2 2
33 1347 3 2
34 1433 8 2
35 1502 6 2
36 1583 7 2
37 1605 4 2
38 1728 10 2
39 1767 10 2
40 1789 2 2
44 2001 8 3
45 2025 21 8
46 2030 16 2
47 2059 3 8
48 2059 7 2
50 2091 1 8
51 2109 5 8
52 2123 1 8
53 2207 4 8
54 2212 3 2
55 2227 2 2
56 2264 1 8
57 2345 4 8
58 2352 3 2
59 2369 12 8
61 2436 3 8
62 2466 5 2
