1 0 51 1
2 52 28 1
3 91 67 2
4 117 16 3
5 147 11 4
6 226 52 1
7 235 16 3
8 254 14 5
9 280 28 1
10 311 46 1
11 368 67 2
12 394 16 3
13 424 11 4
14 482 11 1
15 496 73 6
16 502 9 3
17 584 29 6
18 676 28 1
19 879 3 3
20 1200 4 3
21 1360 5 3
22 1360 13 1
23 1374 15 3
24 1492 6 1
25 1517 38 5
26 1557 7 5
27 1638 1 5
28 1714 19 7
29 1751 1 5
30 1778 2 7
31 1783 5 7
32 1946 15 3
33 1964 18 1
34 1964 5 3
35 1995 26 8
36 2026 3 5
37 2063 2 8
38 2130 11 9
39 2152 11 9
40 2243 10 1
41 2346 10 1
42 2391 13 5