1 7 22 1
2 30 10 1
3 36 4 2
4 76 6 3
5 85 55 1
6 93 10 3
7 167 6 3
8 219 18 4
9 238 2 2
10 294 6 5
11 316 7 6
12 330 2 5
13 353 6 5
14 377 7 6
15 417 1 1
16 443 6 7
17 454 4 8
18 463 4 2
19 499 21 9
20 525 4 2
22 567 22 1
23 592 49 10
24 613 4 2
25 654 11 1
26 704 19 4
27 754 6 7
28 767 3 2
29 810 13 11
30 826 11 8
31 852 7 12
32 852 28 13
33 887 4 2
34 923 13 11
35 939 4 8
36 950 5 9
37 980 7 13
38 1028 3 9
39 1062 4 12
40 1069 3 9
41 1111 3 2
42 1187 2 2
43 1190 11 8
44 1223 25 10
45 1244 4 2
46 1271 20 1
48 1370 2 1
49 1470 11 1
50 1505 7 14
51 1582 4 2
52 1589 11 14
