1 0 46 1
2 14 32 2
3 26 20 3
4 68 53 4
5 79 6 1
6 79 42 5
7 160 9 4
8 269 21 5
9 332 37 6
10 417 5 5
12 574 32 2
13 586 20 3
14 642 64 7
15 747 15 7
18 1255 21 8
19 1313 4 8
20 1409 57 9
21 1492 25 10
22 1519 16 9
23 1562 3 9
24 1579 22 11
26 1614 2 11
27 1700 57 12
28 1769 7 12
30 1914 35 10
32 1968 23 13
33 1993 7 13
34 2085 6 14
35 2092 8 10
36 2222 51 15
37 2262 11 12
39 2377 7 15
40 2406 81 16
41 2414 35 17
42 2425 6 14
43 2489 7 16
44 2535 7 16
45 2543 8 17
48 2609 2 14
50 2639 10 17
52 2784 2 14
53 2821 20 18
54 2868 4 18
55 2958 30 19
56 2982 6 14
60 3044 11 12
61 3104 5 19
63 3158 50 6
65 3275 11 12
71 3513 11 12
