1 0 5 1
2 7 5 1
8 313 15 2
9 434 15 2
11 652 27 3
12 681 27 3
13 867 5 1
14 885 5 1
15 959 12 4
16 973 12 4
17 992 18 5
18 1141 21 6
19 1164 21 6
21 1279 4 6
22 1324 22 7
23 1348 22 7
25 1452 22 7
26 1616 18 5
28 1658 18 5
31 2636 5 1
32 2698 25 8
33 2899 2 8
34 2930 23 9
35 2955 7 9
37 3222 5 1
38 3229 21 10
39 3356 3 10
40 3527 12 11
41 3561 28 11
43 3645 3 11
44 3782 2 11
45 3814 8 12
46 3900 13 11
47 3994 24 13
54 4166 26 14
55 4210 12 14
56 4225 9 15
57 4364 2 14
59 4400 8 12
60 4410 2 12
61 4488 3 14
63 4515 9 15
64 4547 26 13
65 4575 11 14
68 4790 9 15
69 4823 12 14
