1 5 2 1
2 17 2 2
3 21 3 2
4 36 3 1
5 73 12 2
6 108 2 2
7 132 2 1
8 146 11 2
9 214 1 3
10 229 11 2
11 256 3 2
12 480 1 3
13 573 1 3
14 612 1 3
15 769 4 3
16 870 3 3
22 1151 4 3
24 1169 10 4
25 1236 1 3
26 1256 16 4
30 1559 10 4
31 1577 4 3
32 1726 11 2
33 1744 1 3
34 1823 10 4
36 1978 2 2
37 1987 16 5
38 2014 2 5
39 2091 26 5
40 2185 33 6
42 2200 18 7
43 2221 18 8
45 2232 7 9
46 2273 1 3
47 2304 11 7
48 2319 7 9
49 2420 15 10
50 2468 11 10
51 2507 3 10
52 2527 1 3
53 2555 4 3
54 2597 1 3
55 2637 14 6
56 2654 10 8
57 2687 2 2
58 2881 85 11
60 2977 2 11
61 3017 2 2
62 3023 3 11
63 3052 7 12
64 3071 5 11
66 3119 5 11
67 3164 2 2
69 3317 11 13
70 3404 1 3
71 3514 28 13
72 3549 3 13
73 3587 5 13
74 3663 11 13
75 3675 2 1
76 3702 3 13
77 3725 3 13
78 3729 3 1
79 3741 3 1
80 4061 11 2
81 4260 6 14
82 4293 20 15
84 4318 5 14
85 4353 15 15
87 4369 3 14
88 4403 46 15
91 4431 3 3
92 4435 3 3
93 4509 2 2
94 4541 3 2
96 4993 11 2
99 5466 11 2
100 5489 1 3
101 5526 1 3
102 5848 1 3
104 6054 3 3
105 6076 50 13
107 6090 3 2
108 6146 65 16
109 6250 16 16
110 6447 4 3
111 6620 1 3
112 6644 1 3
113 6658 2 2
114 6691 1 3
115 6782 4 3
116 6798 4 3
117 6819 4 3
118 6878 2 2
119 6887 11 2
120 7125 11 2
121 7176 3 1
122 7214 1 3
123 7273 4 3
124 7355 3 3
125 7360 1 3
127 7383 3 3
128 7407 3 3
129 7541 11 2
130 7603 3 3
131 7648 3 3
132 7862 1 3
134 8590 13 12
135 8601 2 2
136 8787 2 12
137 8928 2 2
138 9157 6 1
139 9194 3 1
140 9262 18 17
141 9286 3 17
142 9291 9 17
143 9311 3 3
144 9315 2 17
145 9331 37 18
146 9791 34 18
