1 34 45 1
2 135 3 1
3 214 16 1
4 262 20 2
5 316 13 3
6 381 5 4
7 429 22 1
8 568 3 4
9 718 4 5
10 806 4 1
11 854 3 4
12 1343 1 1
13 1429 4 1
14 1446 1 1
15 1609 49 6
16 1663 7 7
17 1673 3 6
18 1741 10 6
19 1754 8 7
20 1898 7 7
21 1972 3 1
22 2067 11 8
23 2127 3 8
24 2323 1 1
25 2415 4 1
26 2555 3 1
27 2659 1 1
28 2681 4 1
29 2695 4 1
30 2721 1 1
31 2798 1 1
32 2831 1 1
33 2880 1 1
34 3060 6 9
35 3116 2 9
36 3141 7 9
37 3243 3 1
38 3290 1 1
39 3322 7 10
40 3351 2 10
41 3376 2 10
42 3402 7 10
43 3411 1 1
44 3505 2 11
45 3766 1 1
46 3779 7 12
47 3792 4 12
48 3816 1 1
49 3829 30 13
50 3863 3 13
51 3956 1 1
52 4262 4 1
53 4314 4 1
54 4400 3 13
55 4442 2 1
56 4513 1 1
57 4556 1 1
58 4646 1 1
59 4923 1 1
60 5282 1 1
61 5319 7 14
62 5349 3 14
63 5485 15 15
64 5493 7 16
65 5588 6 17
66 5644 15 18
67 5661 15 15
68 5669 7 16
69 5689 10 1
70 5754 11 18
72 5823 11 20
73 5831 3 18
74 5864 7 17
75 5882 6 17
76 5892 2 18
77 5916 1 20
78 6080 1 1
79 6130 1 1
80 6191 4 1
81 6380 1 1
82 6570 1 1
83 6614 3 1
84 6662 1 1
85 6713 1 1
86 6756 4 1
87 7092 1 1
88 7105 1 1
89 7219 13 21
90 7317 15 22
91 7317 6 21
92 7334 3 22
93 7354 9 21
94 7377 4 22
95 7396 4 22
96 7465 1 1
97 7700 4 1
98 7751 4 1
99 8194 2 1
100 8208 13 3
101 8277 5 23
102 8330 1 1
103 8396 13 23
104 8454 3 24
105 8458 2 23
106 8534 3 1
107 8847 2 1
108 8929 2 4
109 9129 3 24
110 9175 3 4
111 9232 1 1
112 9255 44 25
113 9480 3 1
114 9662 10 25
115 9681 1 1
116 9730 3 1
117 9860 1 1
118 10085 36 26
119 10117 4 5
120 10125 3 26
121 10168 2 26
122 10567 12 3
123 10623 18 27
124 10693 12 27
125 10794 12 27
126 10882 35 27
127 10928 6 3
128 10984 3 4
129 11091 6 3
130 11140 3 4
131 11171 8 28
132 11204 9 28
133 11285 8 28
134 11322 18 27
135 11443 8 28
136 11492 20 2
137 11513 2 1
138 11602 1 1
139 11636 3 1
140 11672 8 29
141 11682 2 1
142 11743 36 30
143 11794 19 31
144 11815 2 30
145 11883 2 30
146 11915 2 30
147 11957 3 30
148 12024 2 30
149 12093 3 30
150 12135 10 31
151 12147 2 31
152 12150 2 30
153 12169 2 30
154 12183 3 30
155 12261 3 30
156 12347 10 8
157 12371 4 1
158 12424 2 8
159 12469 3 30
160 12474 3 4
161 12592 9 29
162 12797 3 4
163 12828 5 32
164 12847 3 32
165 12890 3 4
166 12996 2 1
167 13102 3 1
168 13153 22 33
169 13177 4 34
170 13211 45 34
171 13242 14 35
172 13296 9 33
173 13307 6 36
174 13330 2 36
175 13386 2 36
176 13424 2 36
177 13467 13 35
178 13533 3 35
179 13626 4 5
180 13947 4 1
181 13971 3 1
182 13989 1 1
183 14057 4 1
184 14124 1 1
185 14185 1 1
186 14230 3 1
187 14296 1 1
188 14314 1 1
189 14377 16 37
190 14396 37 37
191 14511 1 1
192 14551 4 1
193 14626 1 1
194 14646 1 1
195 14660 11 38
196 14688 7 37
197 14801 16 38
198 14848 3 38
199 15274 2 11
200 15364 3 4
201 15429 3 4
202 15689 5 1
203 15718 78 39
204 15840 63 39
205 15956 4 1
206 16020 1 1
207 16088 1 1
208 16127 14 40
209 16143 3 40
210 16193 1 1
211 16250 1 1
212 16374 9 40
213 16457 1 1
214 16512 1 1
215 16592 3 1
216 16672 2 1
217 16790 4 1
218 16937 1 1
219 17117 1 1
220 17143 46 41
221 17303 3 4
222 17424 2 4
223 17505 3 4
224 17649 41 41
225 17695 1 1
226 17824 10 41
227 17874 2 4
228 17906 4 41
229 18000 164 42
230 18216 1 1
231 18250 3 42
232 18289 3 42