1 21 8 1
2 38 7 2
3 66 8 3
4 103 4 4
5 126 6 5
6 136 7 2
7 167 10 6
8 181 10 6
10 209 29 7
11 256 5 8
12 267 12 7
13 285 7 7
14 293 2 1
15 314 6 8
16 329 10 6
17 350 3 1
18 354 86 9
20 442 2 1
21 454 11 9
22 580 2 1
23 611 4 1
24 765 2 1
25 843 2 1
26 911 10 6
27 962 7 2
28 971 7 2
31 1138 8 3
32 1150 7 3
33 1175 4 4
34 1210 8 1
35 1230 6 5
36 1256 2 1
37 1329 12 10
38 1343 2 1
39 1355 2 10
41 1433 2 1
48 1658 10 11
49 1766 3 5
50 1788 8 1
51 1823 2 1
53 1855 36 12
54 1903 3 1
55 1920 2 1
57 1966 8 12
58 1991 4 12
62 2045 1 12
64 2113 4 1
65 2131 10 11
66 2154 8 1
67 2166 61 13
68 2196 3 1
69 2264 10 5
70 2287 3 1
71 2294 2 1
72 2343 3 1
73 2411 3 13
74 2426 8 14
75 2467 8 14
76 2620 8 1
77 2667 3 1
78 2715 8 14
79 2742 8 14
80 2933 24 15
81 2952 5 5
82 2959 9 5
84 3022 2 5
85 3065 3 5
86 3203 15 16
87 3222 2 1
88 3251 14 16
89 3274 12 16
90 3324 3 5
91 3358 3 1
92 3378 3 1
93 3401 3 1
94 3422 3 1
95 3445 3 1
96 3491 9 1
97 3504 2 5
98 3542 17 15
99 3554 5 5
100 3686 5 5
101 3718 3 1
102 3745 2 5
103 3794 3 5
104 3858 9 1
105 3878 3 1
106 3907 3 5
107 3944 3 1
108 3961 3 5
109 3985 3 5
110 3998 3 1
111 4028 3 5
112 4076 3 1
114 4192 8 1
117 4237 17 17
118 4277 2 17
119 4358 16 18
120 4376 17 18
122 4426 1 1
123 4468 2 1
125 4503 2 1
126 4552 3 1
127 4576 1 1
128 4603 2 1
130 4618 3 1
133 4688 4 4
134 4727 1 1
135 4846 2 1
139 4883 4 4
