1 0 10 1
2 41 11 2
3 55 23 1
4 61 17 3
5 118 18 4
6 165 11 2
7 189 31 5
8 210 10 1
9 301 19 3
10 323 16 4
11 420 69 5
12 722 2 5
13 736 65 5
14 890 16 1
15 896 10 5
16 950 4 1
17 1033 28 1
18 1083 10 1
19 1116 13 1
20 1194 22 6
21 1220 16 6
22 1435 213 7
23 1678 3 7
24 1743 16 8
25 1777 4 1
26 1786 4 8
27 1821 22 3
28 1900 18 3
29 1929 21 3
30 1957 16 3
31 2021 16 6
32 2040 7 6
33 2064 20 9
34 2087 16 9
35 2122 2 6
36 2219 16 10
37 2263 8 9
38 2289 3 9
39 2353 4 1
40 2441 1 10
41 2460 16 5
42 2472 4 1
43 2556 4 1
44 2582 1 10
45 2631 2 1
46 2663 13 3
47 2738 5 1
48 2762 4 10
49 2789 28 5
50 2801 3 1
51 2938 16 4
52 3083 7 4
53 3109 3 4
54 3138 5 5
55 3942 19 11
56 3982 3 11
57 4038 13 5
58 4075 3 5
59 4122 15 5
60 4133 4 1
61 4161 2 1
62 4179 3 10
63 4198 3 1
64 4314 6 12
65 4375 5 13
66 4408 2 13
67 4424 32 14
68 4631 2 14
69 4833 2 14
70 4857 4 14
71 4981 6 15
72 5006 12 16
73 5059 3 16
74 5089 5 5
75 5131 3 5
76 5206 6 12
77 5297 6 15
78 5449 4 1