1 0 13 1
2 33 6 2
3 55 13 1
4 88 37 2
6 112 13 3
7 145 31 4
8 204 20 5
9 216 8 1
10 254 31 2
12 272 13 3
14 361 10 3
15 394 5 1
17 510 19 4
18 571 31 6
19 632 3 6
20 655 7 3
21 664 4 4
22 682 2 3
23 744 20 4
24 756 8 1
25 780 17 7
26 780 10 8
27 824 6 1
28 893 6 1
29 911 20 7
30 925 6 8
31 1061 4 4
32 1081 17 7
33 1104 70 9
34 1183 3 7
35 1198 2 9
36 1228 7 1
37 1250 17 4
38 1259 8 1
39 1336 6 1
40 1454 4 4
41 1496 61 10
45 1568 5 10
46 1604 2 10
47 1735 17 5
48 1747 5 1
49 1777 5 5
51 1849 5 1
