1 10 6 1
2 41 8 2
3 52 29 3
4 61 20 4
5 85 11 5
6 91 5 4
7 108 56 6
8 162 2 7
9 170 107 8
10 217 60 3
11 227 20 4
12 251 26 9
14 337 28 2
15 359 6 3
17 391 9 8
18 448 44 4
21 520 6 10
23 538 6 10
24 565 26 9
26 612 10 11
27 640 5 4
28 716 18 3
29 725 9 4
31 835 2 1
33 1104 10 11
34 1119 16 5
35 1125 10 4
36 1147 11 6
37 1163 3 6
39 1198 9 4
40 1223 16 12
41 1232 7 13
42 1270 10 7
43 1323 10 3
44 1360 5 4
45 1367 10 4
46 1387 6 10
48 1457 13 12
49 1463 7 13
53 1603 9 4
54 1643 5 4
55 1664 28 14
58 1735 7 14
