1 0 16 1
2 28 9 2
3 38 5 3
4 59 9 2
5 87 18 1
6 114 2 1
7 161 18 4
8 315 10 5
10 400 9 6
11 453 5 6
12 470 5 6
13 501 9 6
14 664 5 7
15 705 8 8
17 906 9 8
18 950 5 3
19 991 10 9
20 1003 7 9
21 1030 8 10
22 1080 18 1
24 1200 9 2
25 1221 5 3
26 1337 13 2
27 1378 5 3
28 1396 9 11
29 1456 5 3
30 1485 5 11
31 1507 8 10
33 1581 9 2
34 1630 10 11
35 1641 5 12
36 1654 2 12
37 1808 9 2
39 1870 14 2
40 1949 10 5
41 2009 9 2
42 2048 16 1
43 2071 29 13
44 2104 8 14
45 2114 15 15
46 2141 11 13
47 2200 10 11
49 2343 10 11
50 2362 4 5
51 2418 9 10
53 2435 26 16
54 2441 6 13
55 2480 4 17
56 2536 27 18
57 2553 10 11
59 2609 4 16
60 2666 5 3
61 2726 5 3
62 2750 3 16
63 2768 2 16
64 2805 13 2
65 2827 8 16
66 2848 5 16
70 3056 15 16
71 3074 25 13
72 3103 6 19
73 3120 8 14
74 3130 3 19
75 3162 27 18
76 3179 10 11
77 3205 6 19
78 3222 5 3
79 3290 8 10
80 3324 6 19
81 3359 6 19
82 3377 4 19
83 3518 9 19
84 3591 9 2
87 3667 6 19
89 3728 18 1
90 3765 6 19
91 3812 14 2
92 3871 16 13
93 3890 6 19
94 3920 60 20
95 3982 22 20
96 4022 6 20
97 4034 25 21
98 4061 2 21
99 4084 27 18
100 4101 10 11
101 4130 3 21
102 4134 21 22
103 4169 5 3
104 4200 10 11
105 4226 10 22
106 4360 12 20
107 4387 27 23
109 4416 7 23
111 4477 5 20
113 4520 5 21
115 4544 10 24
116 4578 6 20
117 4603 18 25
118 4625 2 25
119 4649 10 11
121 4732 5 20
122 4801 10 22
123 4835 13 2
124 4892 9 11
125 4909 6 22
126 5010 18 1
127 5061 10 22
128 5130 5 1
130 5198 13 2
131 5228 35 26
132 5266 17 27
133 5314 24 28
134 5355 16 1
135 5443 11 11
136 5486 4 17
140 5693 29 29
141 5705 17 27
142 5725 24 30
144 5738 11 26
145 5770 19 28
146 5794 4 17
147 5828 9 11
148 5852 20 26
149 5908 23 30
150 5956 6 30
151 6110 5 3
152 6185 26 22
153 6298 10 11
154 6311 9 31
155 6354 9 2
156 6374 16 31
157 6458 12 30
158 6473 11 29
159 6504 12 30
160 6586 19 28
161 6662 12 30
162 6738 6 24
163 6760 12 32
164 6787 3 30
165 6800 12 32
166 6826 38 33
167 6844 20 28
168 6878 8 33
169 6892 37 34
170 6899 12 32
171 6931 7 34
172 6946 6 32
173 6982 12 30
174 7023 12 30
175 7039 13 2
176 7109 18 29
177 7201 16 1
178 7241 9 31
179 7437 6 29
180 7494 11 29
181 7560 3 29
182 7610 3 29
183 7646 17 35
184 7672 8 35
187 7790 13 35
188 7806 6 29
189 7831 3 29
190 7897 9 2
194 8003 16 4
195 8029 12 32
196 8056 30 27
197 8062 6 29
198 8126 5 27
199 8201 10 11
201 8232 2 27
202 8254 11 29
203 8303 6 29
208 8396 19 36
209 8417 13 36
210 8433 7 36
211 8473 31 37
212 8489 7 36
213 8584 5 37
214 8613 14 2
216 8659 6 36
217 8728 8 27
218 8792 6 29
219 8892 10 11
220 8920 8 27
221 9038 2 27
222 9106 17 1
223 9126 9 38
224 9146 18 39
225 9175 2 38
226 9191 31 40
227 9191 5 38
229 9224 18 40
231 9259 8 40
232 9335 2 38
233 9409 9 38
235 9484 3 38
236 9512 39 41
237 9560 19 41
238 9596 18 1
239 9637 2 41
241 9778 5 3
242 9842 2 38
243 9855 14 39
244 9871 7 39
245 9899 28 18
246 9917 10 11
247 9930 8 14
248 9954 5 3
249 9962 4 5
250 10015 14 16
251 10041 15 42
252 10092 11 42
253 10155 16 1
254 10239 40 43
255 10249 15 15
256 10281 2 43
257 10318 10 11
258 10330 5 3
259 10366 14 43
260 10444 11 29
261 10459 14 43
262 10474 9 31
263 10584 15 44
264 10601 7 44
265 10670 17 1
266 10730 9 2
267 10799 15 45
268 10818 19 28
269 10848 8 46
270 10914 6 45
271 10945 9 31
272 11067 10 11
273 11109 8 46
275 11170 6 45
277 11279 13 47
278 11299 2 47
279 11356 4 5
280 11362 8 47
281 11382 4 47
282 11403 5 3
283 11451 19 28
285 11506 16 1
286 11565 10 47
287 11713 10 5
288 11890 6 47
289 11958 3 47
290 11972 5 7
291 12060 2 47
293 12090 19 28
294 12122 9 31
296 12141 6 47
297 12250 2 47
299 12322 4 5
