1 0 22 1
2 24 22 1
3 73 18 2
7 237 26 1
8 286 42 3
9 318 10 4
10 386 18 2
11 406 29 5
12 438 36 6
13 487 11 1
14 518 30 3
16 538 10 4
18 586 12 1
19 602 9 7
20 623 97 8
21 752 12 1
22 765 5 8
23 783 8 7
24 821 28 5
25 860 5 8
26 896 8 7
27 926 35 6
28 1000 12 1
30 1039 13 9
32 1056 38 10
34 1065 7 9
35 1073 8 7
36 1100 6 11
37 1119 27 11
38 1130 8 7
39 1148 2 7
40 1211 9 7
41 1222 11 1
42 1280 9 7
43 1338 8 7
44 1376 12 1
45 1400 27 10
46 1416 2 7
47 1436 26 6
48 1473 8 7
49 1502 2 7
50 1532 12 1
51 1547 8 7
52 1629 22 12
53 1672 12 1
54 1706 12 6
55 1724 29 5
56 1779 29 1
57 1824 22 13
58 1850 32 13
59 1909 45 6
60 1965 11 12
61 2040 10 13
62 2066 9 14
63 2078 31 15
64 2078 5 14
65 2119 12 16
66 2125 6 15
67 2186 3 16
68 2260 8 13
78 2550 12 17
79 2593 5 17
81 2656 29 18
82 2697 7 18
90 2920 10 19
91 2948 4 19
94 3025 22 13
96 3083 46 20
97 3131 13 20
99 3188 9 21
100 3219 2 21
103 3271 45 6
104 3298 18 2
