1 0 8 1
2 19 8 2
3 54 36 1
4 60 30 3
5 110 40 4
6 114 36 1
7 127 23 3
8 154 19 5
9 162 11 6
10 167 6 7
11 221 52 1
12 227 30 3
13 299 34 2
14 312 6 7
17 453 9 1
18 465 7 1
19 492 40 4
20 496 36 1
21 509 23 3
22 536 19 5
23 544 11 6
24 549 6 7
25 602 2 1
26 635 40 8
27 687 3 1
28 711 4 1
29 761 19 5
30 769 11 6
31 774 6 7
33 783 12 8
34 842 2 1
35 847 8 1
38 942 6 7
39 1022 6 7
40 1107 33 9
41 1134 6 7
42 1193 6 7
43 1224 3 9
44 1238 2 7
45 1262 2 1
46 1267 23 3
47 1330 9 1
48 1343 6 7
49 1374 76 10
50 1402 6 7
51 1491 6 7
52 1499 2 7
54 1521 23 3
55 1555 13 10
56 1580 8 1
57 1609 15 1
58 1634 6 7
60 1663 23 3
63 1756 6 3
