1 0 51 1
2 52 28 1
3 91 67 2
4 117 16 3
5 147 11 4
7 226 52 1
8 235 16 3
9 254 14 5
10 280 28 1
11 311 46 1
12 368 67 2
13 394 16 3
14 424 11 4
17 482 11 1
18 496 73 6
19 502 9 3
20 584 29 6
21 676 28 1
24 879 3 3
36 1200 4 3
38 1360 5 3
39 1360 13 1
40 1374 15 3
41 1492 6 1
42 1517 38 5
44 1557 7 5
46 1638 1 5
47 1714 19 7
48 1751 1 5
49 1778 2 7
50 1783 5 7
52 1946 15 3
53 1964 18 1
54 1964 5 3
55 1995 26 8
56 2026 3 5
57 2063 2 8
58 2130 11 9
59 2152 11 9
60 2243 10 1
61 2346 10 1
62 2391 13 5
