1 41 8 1
2 130 6 2
3 171 7 1
4 183 9 2
5 183 2 1
7 232 16 3
8 242 6 2
9 263 6 1
10 286 2 1
11 309 2 1
12 324 27 4
13 334 17 3
14 345 6 2
15 405 6 2
16 423 5 4
18 462 3 3
19 561 7 4
20 644 19 5
21 675 43 6
22 711 7 1
23 737 16 7
24 755 15 8
25 772 21 6
26 795 22 9
28 973 5 1
29 988 6 2
30 1085 15 10
31 1094 6 1
32 1170 6 1
33 1188 3 1
34 1204 11 11
35 1209 6 1
36 1246 5 1
37 1253 4 11
39 1341 6 1
40 1391 16 12
41 1401 6 1
43 1423 6 1
44 1431 24 12
45 1485 5 1
46 1552 9 12
47 1658 14 13
50 1675 11 14
52 1797 17 15
53 1815 16 12
54 1825 6 1
55 1896 3 1
56 1918 3 1
57 2001 3 1
58 2034 15 16
59 2044 5 17
60 2071 4 17
62 2174 9 16
65 2282 53 18
66 2357 9 18
68 2378 4 17
69 2418 18 1
70 2428 2 17
72 2474 12 19
73 2506 12 19
75 2519 9 16
77 2549 6 1
78 2589 29 20
79 2599 19 18
80 2605 13 21
81 2633 26 18
82 2640 19 21
84 2732 5 17
85 2801 6 1
86 2827 3 1
87 2974 5 17
88 3015 29 20
89 3025 19 18
90 3031 13 21
91 3085 28 22
92 3137 17 12
93 3148 6 1
94 3157 41 23
96 3182 3 1
97 3222 28 22
98 3379 21 1
99 3503 7 2
101 3511 29 24
102 3562 3 24
103 3574 22 25
104 3590 6 2
105 3599 29 26
106 3609 19 27
107 3622 6 1
108 3641 39 28
109 3647 33 29
110 3674 6 1
111 3688 36 20
112 3753 12 27
113 3774 6 1
114 3783 43 30
115 3807 19 18
116 3813 13 21
117 3839 19 18
118 3845 13 21
119 3912 55 31
120 3998 19 27
121 4021 44 30
122 4046 19 18
123 4052 13 21
124 4077 19 32
125 4106 49 33
126 4130 25 27
127 4143 12 32
128 4168 28 34
129 4182 14 32
130 4254 42 31
131 4277 19 27
132 4290 6 32
133 4325 4 34
136 4349 5 34
137 4378 17 15
138 4396 24 12
140 4401 19 32
141 4429 44 33
142 4448 25 27
143 4461 12 32
145 4502 19 18
146 4508 13 21
147 4723 21 35
148 4731 13 19
150 4816 53 36
151 4822 47 21
153 4848 21 35
154 4856 13 19
156 4882 34 21
158 4909 7 1
159 4925 12 11
160 4931 6 1
161 4938 39 31
162 4961 16 27
163 4961 3 1
164 4997 4 21
165 4997 9 36
167 5140 31 37
168 5145 26 35
169 5158 13 19
171 5190 35 23
172 5210 15 27
173 5210 2 35
174 5228 5 38
175 5245 15 2
176 5252 8 1
177 5263 17 15
178 5294 5 39
179 5312 12 40
180 5363 39 41
181 5371 31 42
182 5430 52 43
183 5443 39 41
184 5451 31 42
185 5491 16 43
186 5557 6 2
187 5625 12 44
188 5651 15 21
189 5692 19 45
190 5721 17 19
192 5823 5 19
193 5864 6 2
195 5994 5 39
196 6017 12 40
198 6072 20 27
199 6085 7 1
201 6113 19 5
203 6178 16 12
204 6188 6 1
205 6206 16 12
206 6216 6 1
207 6265 37 6
208 6286 16 12
209 6296 6 1
210 6310 5 38
212 6401 5 39
213 6424 12 40
214 6512 7 1
215 6522 82 46
216 6649 21 5
217 6762 7 1
218 6781 2 1
219 6781 17 21
220 6848 12 2
221 6906 38 47
224 6970 19 47
225 7059 7 2
226 7067 14 3
227 7067 3 2
228 7093 6 1
229 7131 16 3
230 7141 6 2
231 7177 6 1
232 7195 27 48
233 7227 3 48
234 7268 17 3
235 7279 6 2
236 7298 3 2
237 7333 7 2
238 7373 6 2
239 7402 67 46
240 7447 7 2
241 7455 3 2
242 7455 14 3
243 7498 22 1
244 7533 2 1
245 7611 24 4
246 7629 6 2
247 7670 3 4
248 7747 6 2
250 7825 14 49
251 7846 16 44
252 7869 28 50
254 7914 6 50
256 7976 22 51
257 8095 16 52
258 8137 7 51
259 8158 10 53
260 8170 8 52
262 8227 8 51
263 8236 10 53
264 8337 8 52
267 8626 5 38
268 8651 21 54
269 8805 11 54
270 8830 4 54
271 8863 15 54
272 8907 17 15
274 9318 14 55
275 9370 3 55
276 9495 11 44
277 9518 16 56
278 9562 5 38
279 9571 10 56
280 9616 21 21
281 9631 6 1
282 9644 3 1
283 9681 5 38
284 9704 31 21
285 9729 6 1
286 9739 10 44
287 9789 11 11
288 9794 6 1
289 9835 21 21
290 9850 6 1
291 9864 3 1
292 9864 8 11
293 9914 3 1
294 9970 17 11
295 9975 12 1
296 10123 6 2
297 10142 27 8
298 10213 5 38
299 10243 12 11
300 10248 7 1
301 10310 2 1
302 10393 3 1
303 10415 2 1
304 10415 17 21
305 10657 26 57
306 10758 5 2
307 10795 19 57
308 10840 3 57
310 10960 3 57
311 11075 26 57
312 11133 31 42
313 11146 18 15
314 11379 9 49
315 11391 18 44
316 11403 6 1
317 11471 10 49
318 11495 12 44
319 11664 18 15
320 11684 11 11
321 11689 6 1
322 11712 29 8
323 11772 9 49
324 11784 11 44
325 11846 26 58
326 11939 15 58
327 12008 26 58
328 12091 17 58
329 12302 28 59
330 12332 2 59
331 12409 25 58
332 12486 18 58
333 12643 17 58
334 12716 26 60
336 12759 2 60
337 12871 26 58
338 12978 18 15
339 13011 3 15
340 13047 20 45
341 13083 17 58
342 13145 17 58
343 13186 17 58
344 13234 19 45
346 13387 31 61
347 13550 5 38
349 13713 36 61
352 13846 29 8
353 13903 16 6
354 13986 11 44
355 14025 17 9
356 14081 20 62
357 14124 5 38
360 14224 6 39
361 14233 11 40
362 14263 4 11
364 14297 4 11
365 14328 6 39
366 14337 11 40
367 14379 11 38
368 14391 5 39
369 14398 11 40
370 14412 17 11
371 14417 12 1
372 14533 17 63
373 14564 16 62
374 14575 5 38
375 14647 5 63
376 14759 6 2
377 14783 19 45
379 14957 5 38
380 15009 28 64
381 15020 17 19
382 15059 3 19
383 15078 5 19
384 15123 10 64
385 15138 13 65
386 15181 5 19
387 15212 13 65
388 15297 35 66
389 15322 10 12
390 15334 39 7
392 15364 9 12
393 15384 58 66
394 15420 22 1
395 15458 16 12
396 15468 6 1
397 15539 22 1
398 15601 22 1
399 15668 22 1
400 15699 29 7
401 15719 9 12
403 15905 22 1
404 15936 29 7
406 16213 6 1
407 16222 3 1
408 16222 9 11
409 16236 29 7
411 16256 9 12
412 16266 24 2
413 16278 12 1
414 16328 30 67
416 16377 15 68
417 16395 19 68
419 16434 11 68
420 16447 11 67
421 16510 12 11
422 16516 6 1
423 16525 29 7
425 16545 9 12
426 16576 10 44
427 16596 5 2
428 16605 5 1
430 16649 5 68
431 16700 4 11
432 16707 32 12
434 16741 11 11
435 16746 6 1
436 16767 53 69
438 16827 13 69
440 16843 5 2
443 16934 12 19
445 16947 24 12
446 16952 19 70
448 16996 12 70
449 17010 4 11
450 17043 6 1
451 17051 9 12
452 17081 11 11
453 17086 6 1
455 17112 16 12
456 17122 6 1
458 17144 21 2
459 17166 14 13
460 17183 11 14
461 17347 15 71
462 17369 5 1
463 17375 9 71
464 17424 11 11
465 17429 6 1
467 17469 5 1
468 17475 9 71
469 17523 7 1
470 17549 11 11
471 17554 6 1
472 17591 9 12
474 17739 4 11
475 17755 29 72
476 17819 11 11
477 17824 6 1
478 17850 35 23
479 17869 16 27
480 17869 3 1
481 17943 10 44
483 17965 18 15
484 18030 6 2
485 18044 5 2
486 18095 17 12
487 18106 6 1
488 18115 41 23
489 18140 3 1
490 18140 16 27
491 18268 24 73
492 18393 4 11
493 18423 11 11
494 18428 6 1
495 18448 19 73
496 18494 15 73
497 18640 57 73
498 18691 6 2
499 18730 11 44
500 18742 13 74
501 18775 23 75
503 18779 19 76
504 18801 14 49
505 18822 16 44
506 18881 2 74
507 18903 9 16
508 18923 6 1
509 18962 9 16
510 18966 5 17
511 19097 7 2
512 19185 11 77
513 19201 34 77
514 19262 29 75
515 19267 24 76
516 19318 44 78
519 19391 12 27
520 19433 28 78
521 19456 5 17
522 19571 38 78
523 19656 6 1
524 19683 33 21
526 19737 6 1
527 19786 3 1
528 19786 16 27
533 19944 31 37
534 19949 26 79
535 20014 2 79
536 20014 15 27
537 20131 6 2
538 20182 7 2
539 20205 3 2
540 20242 12 11
541 20248 6 1
542 20257 36 23
543 20277 3 1
544 20277 16 27
545 20311 16 3
546 20321 6 2
547 20351 21 1
548 20400 2 1
549 20400 15 27
550 20432 2 1
551 20508 5 3
552 20555 6 2
553 20589 38 6
554 20610 17 12
555 20620 7 1
556 20669 10 12
558 20742 18 15
559 20761 16 12
560 20771 6 1
561 20881 17 15
562 20938 12 11
563 20943 7 1
564 20983 8 52
565 21038 8 52
566 21097 6 2
567 21115 29 6
569 21360 7 2
570 21429 31 9
571 21463 17 12
573 21482 7 12
576 21540 12 1
577 21590 24 9
578 21607 7 1
579 21633 39 3
580 21682 2 3
581 21808 5 38
582 21873 24 6
583 21890 7 1
584 21931 7 2
585 21954 3 2
586 21954 14 3
587 21988 17 15
588 22006 16 12
589 22016 6 1
590 22062 67 26
591 22093 36 28
592 22111 3 1
593 22111 18 21
594 22148 9 12
595 22201 19 27
596 22214 6 1
597 22236 16 12
598 22246 6 1
599 22256 29 26
600 22266 19 27
601 22279 6 1
603 22300 18 15
604 22319 16 12
605 22329 6 1
606 22378 26 28
607 22393 5 1
609 22435 21 16
610 22445 11 28
611 22460 16 12
612 22470 6 1
613 22516 36 16
614 22526 26 28
615 22541 5 1
617 22572 17 3
618 22583 6 2
619 22605 79 46
620 22647 7 2
621 22670 14 3
622 22670 3 2
623 22701 11 11
624 22706 6 1
625 22713 21 26
626 22718 16 27
627 22718 3 1
628 22800 17 3
629 22811 6 2
630 22821 22 25
631 22837 6 2
633 22944 20 80
635 23011 15 27
636 23011 2 80
637 23062 11 11
638 23067 6 1
639 23074 3 1
640 23100 3 1
641 23100 12 10
642 23186 29 72
643 23318 37 6
644 23339 16 12
645 23349 6 1
647 23599 17 3
648 23610 6 2
650 23928 56 46
652 24093 16 12
653 24103 6 1
654 24165 10 44
655 24189 6 1
656 24229 8 49
657 24249 34 16
658 24259 24 28
659 24272 5 1
661 24287 37 6
662 24308 16 12
663 24318 6 1
666 24448 7 2
667 24493 29 72
668 24523 23 3
669 24566 6 2
670 24603 29 72
672 24689 25 9
673 24734 6 2
674 24793 5 38
675 24826 10 12
676 24868 16 8
677 24875 9 12
678 24938 10 12
679 24980 38 15
681 25019 16 12
682 25029 6 1
683 25087 67 26
684 25097 57 28
685 25112 5 1
686 25124 30 29
687 25136 3 1
688 25222 16 12
690 25232 6 1
691 25240 7 12
692 25280 26 26
693 25290 16 27
694 25290 3 1
695 25353 16 8
696 25360 9 12
697 25411 7 2
698 25434 14 3
699 25434 3 2
700 25463 24 4
701 25481 6 2
702 25546 12 8
