1 0 21 1
2 15 6 2
3 46 7 3
4 54 34 4
5 67 21 5
6 90 4 6
8 106 5 7
9 136 30 1
10 160 6 2
11 168 28 1
12 201 26 5
13 243 41 8
14 286 7 8
15 318 7 3
16 341 15 8
17 349 7 3
18 414 16 1
21 507 7 9
23 552 4 6
24 573 7 8
25 581 15 10
26 598 15 10
27 617 11 11
28 630 11 11
29 645 14 12
30 661 14 12
31 677 7 8
32 695 27 13
33 724 14 13
34 741 12 4
35 814 3 4
36 877 7 2
37 929 8 7
38 953 7 9
39 1031 16 1
40 1049 12 4
41 1149 16 14
42 1209 13 15
43 1255 23 4
44 1341 8 14
45 1418 14 15
46 1481 15 15
47 1516 14 16
48 1543 8 16
