1 0 8 1
2 19 8 2
3 54 36 1
4 60 30 3
5 110 40 4
6 114 36 1
7 127 23 3
8 154 19 5
9 162 11 6
10 167 6 7
11 221 52 1
12 227 30 3
13 299 34 2
14 312 6 7
15 453 9 1
16 465 7 1
17 492 40 4
18 496 36 1
19 509 23 3
20 536 19 5
21 544 11 6
22 549 6 7
23 602 2 1
24 635 40 8
25 687 3 1
26 711 4 1
27 761 19 5
28 769 11 6
29 774 6 7
30 783 12 8
31 842 2 1
32 847 8 1
33 942 6 7
34 1022 6 7
35 1107 33 9
36 1134 6 7
37 1193 6 7
38 1224 3 9
39 1238 2 7
40 1262 2 1
41 1267 23 3
42 1330 9 1
43 1343 6 7
44 1374 76 10
45 1402 6 7
46 1491 6 7
47 1499 2 7
49 1521 23 3
50 1555 13 10
51 1580 8 1
52 1609 15 1
53 1634 6 7
54 1663 23 3
55 1756 6 3