1 24 3 1
2 95 3 2
3 147 3 1
4 162 3 2
5 229 1 2
6 354 7 3
7 442 36 3
8 521 3 3
9 587 4 2
10 904 4 4
11 1126 2 4
13 1315 15 5
14 1332 28 6
16 1378 13 7
17 1392 15 8
18 1409 10 9
19 1420 16 10
20 1438 14 11
21 1453 14 12
22 1469 22 13
24 1508 15 14
25 1524 13 15
26 1539 6 16
27 1546 13 15
28 1561 17 17
29 1579 13 15
30 1594 13 18
32 1623 6 19
33 1656 19 6
34 1777 3 6
35 1792 3 2
36 1812 4 20
37 1818 7 20
38 1866 7 5
39 1889 4 2
40 1934 5 5
41 1946 23 6
42 1978 1 2
43 1999 36 21
44 2018 17 5
45 2046 2 21
46 2055 4 5
47 2071 2 5
49 2128 7 5
50 2199 15 7
51 2362 34 22
54 2433 2 22
58 2595 25 9
59 2752 7 9
60 2765 5 8
61 2837 1 2
62 2839 3 8
63 2926 22 11
64 2926 15 10
65 2964 1 2
66 2991 3 11
67 3105 10 23
68 3144 3 23
69 3426 24 13
70 3461 4 2
71 3603 1 2
72 3639 19 12
73 3660 3 12
74 3698 3 12
75 3722 6 13
76 3730 3 2
77 3771 2 12
81 3927 8 12
83 4019 1 2
84 4044 19 14
85 4210 10 14
86 4350 7 24
87 4367 23 25
89 4392 2 24
90 4401 2 25
91 4405 2 24
92 4426 12 25
94 4449 23 26
95 4495 6 26
96 4520 2 24
97 4536 4 27
98 4558 1 27
99 4663 8 24
100 4715 4 2
101 4739 9 15
102 4750 2 1
103 4770 1 2
104 4862 14 16
105 4881 4 2
106 4916 7 28
107 4929 3 28
108 5038 1 2
109 5057 9 16
110 5068 5 28
111 5115 21 15
112 5138 19 29
113 5160 19 17
114 5189 6 29
115 5197 7 29
119 5318 15 18
120 5368 5 4
122 5488 9 15
123 5570 9 19
125 5603 19 19
126 5668 19 30
127 5668 2 19
128 5699 4 30
129 5758 3 1
