1 0 17 1
2 14 3 2
3 19 17 1
4 19 6 3
5 33 3 2
6 89 57 4
7 89 9 2
9 128 7 5
10 138 8 6
11 166 6 7
12 190 19 1
13 218 35 3
14 271 4 2
15 302 8 6
16 312 7 8
17 333 18 5
19 339 3 6
22 372 12 1
23 429 3 1
24 451 48 9
28 506 3 9
30 562 47 1
31 603 6 2
32 622 5 8
33 622 13 4
34 636 4 8
35 650 2 4
36 686 6 4
37 703 7 10
38 750 7 2
39 771 6 5
40 786 6 10
41 796 7 6
42 812 5 11
43 821 12 12
44 835 7 12
45 852 4 6
46 857 4 12
50 928 8 6
52 969 3 6
53 984 7 11
54 1019 3 6
55 1033 4 2
56 1059 9 11
57 1069 20 13
58 1120 5 1
59 1130 11 3
60 1149 7 12
61 1158 5 1
62 1186 8 13
63 1226 6 1
66 1258 8 14
67 1268 12 15
72 1329 7 16
74 1354 6 11
76 1384 5 7
77 1394 26 17
78 1424 6 18
79 1434 16 19
80 1469 7 12
81 1478 7 20
82 1493 8 20
83 1504 8 20
84 1536 15 5
85 1543 8 6
86 1559 8 5
87 1573 7 18
88 1591 15 21
89 1613 7 6
90 1627 6 12
92 1673 36 17
93 1683 6 7
94 1705 3 2
95 1737 3 7
101 1906 3 2
106 1954 3 2
112 2075 8 14
113 2086 6 12
114 2095 7 6
115 2122 7 3
122 2250 3 2
123 2257 8 22
125 2294 10 1
126 2306 22 17
127 2322 6 7
128 2330 12 15
129 2345 29 23
130 2366 8 14
131 2392 3 2
132 2396 9 11
133 2454 7 12
134 2466 9 11
135 2485 20 24
136 2485 9 22
138 2586 16 19
139 2603 7 6
140 2634 2 6
141 2650 4 8
142 2663 3 6
143 2681 5 5
144 2690 18 17
145 2745 11 3
147 2785 6 2
149 2822 3 3
150 2840 2 3
151 2879 5 1
152 2919 7 4
153 2960 9 14
154 2977 5 1
155 3002 7 2
158 3103 7 25
159 3117 32 26
160 3169 4 26
161 3203 7 25
165 3320 3 2
167 3348 5 24
168 3356 9 22
170 3384 8 14
171 3395 19 23
172 3418 13 23
174 3448 7 16
176 3534 4 16
177 3563 7 21
178 3587 4 21
179 3594 8 13
181 3616 3 13
182 3656 3 13
183 3690 6 12
184 3718 13 1
185 3762 3 2
186 3793 6 2
187 3893 13 27
188 3902 4 2
189 3944 6 2
190 3968 3 2
191 4023 20 28
192 4037 6 27
193 4067 4 22
195 4110 12 27
196 4143 14 28
197 4165 3 2
199 4177 6 28
202 4224 7 29
203 4234 3 29
