1 17 11 1
2 43 35 2
4 65 13 1
5 75 3 3
6 126 8 4
7 137 46 5
9 158 25 6
10 163 20 1
11 199 55 2
15 274 13 1
16 284 3 3
17 298 2 2
18 324 8 4
19 336 11 7
20 405 30 2
22 445 13 8
25 475 7 2
26 499 36 9
27 499 2 2
28 528 7 8
29 622 3 9
31 670 11 5
32 694 9 2
34 839 17 2
35 859 14 10
36 906 12 1
38 982 26 11
40 999 9 1
41 1005 3 3
42 1019 7 10
43 1056 2 10
44 1188 4 6
45 1217 11 7
46 1243 22 12
47 1254 11 1
48 1280 4 12
49 1331 34 11
51 1348 17 1
52 1362 3 3
55 1461 11 1
56 1506 17 13
58 1541 5 13
59 1586 20 11
60 1612 10 1
61 1623 5 1
