1 70 2 1
2 147 8 2
3 159 2 2
4 479 12 3
5 502 105 4
6 528 79 5
7 645 12 5
8 672 18 6
9 739 7 3
10 749 3 3
11 795 122 7
12 819 16 8
13 819 3 3
14 860 11 3
15 873 2 3
16 879 16 3
17 1020 15 7
18 1030 5 8
19 1065 19 7
20 1092 2 7
21 1108 11 6
22 1291 15 4
23 1388 6 9
24 1396 3 9
25 1470 21 10
26 1527 2 10
27 1581 24 11
28 1607 7 11
29 1666 3 11
30 1698 9 12
31 1729 9 11
32 1778 17 12
33 1904 83 13
34 1980 7 3
35 2013 2 13
37 2288 25 15
38 2476 3 15
39 3273 10 16
40 3341 5 16
41 3638 28 17
42 3721 2 17
43 3862 28 18
44 3876 14 5
45 3882 7 3
46 3966 4 18
47 4053 10 18
48 4076 8 19
49 4223 16 19
50 4415 10 18
51 4526 4 1