1 0 5 1
2 35 5 1
3 47 9 2
4 58 18 2
5 117 6 3
6 125 3 4
7 139 27 5
8 168 7 5
11 232 17 1
12 269 4 6
13 283 5 1
14 329 5 1
16 368 9 2
17 379 10 5
18 419 9 2
19 501 5 1
21 561 6 3
22 595 13 1
23 619 9 2
24 663 6 3
26 705 2 2
27 786 8 2
28 847 5 1
29 854 9 2
30 876 3 1
31 880 50 5
32 935 3 5
33 958 5 1
34 970 35 6
35 996 9 2
36 1007 7 6
38 1072 5 1
39 1089 5 1
41 1209 14 5
42 1245 3 1
43 1282 13 7
44 1303 5 1
45 1344 8 1
46 1369 2 1
47 1509 9 2
48 1552 10 7
49 1643 5 1
50 1708 9 2
51 1746 2 2
52 1785 12 8
53 1791 6 9
54 1814 6 3
55 1824 12 8
56 1830 6 9
58 1898 3 10
60 1910 6 3
61 1980 5 1
62 2010 9 2
64 2067 6 3
65 2094 3 3
66 2170 5 1
67 2178 9 2
69 2193 2 1
70 2193 22 3
72 2278 8 3
73 2287 9 4
74 2375 14 4
75 2466 5 1
76 2510 17 2
77 2543 15 11
78 2553 5 1
79 2586 9 2
80 2613 4 6
82 2677 9 2
83 2785 12 6
84 2785 2 2
85 2817 10 5
86 2837 3 1
87 2887 5 1
88 2903 3 5
89 2912 3 1
90 2962 3 1
91 3001 9 2
92 3091 18 5
93 3100 9 2
94 3110 49 12
95 3142 5 1
96 3172 5 1
97 3182 10 5
98 3193 8 1
99 3296 5 8
100 3307 13 3
101 3322 7 3
102 3344 3 8
103 3357 15 5
104 3357 4 4
105 3381 3 2
106 3408 12 8
107 3414 6 9
109 3478 5 8
111 3515 3 8
112 3544 4 13
113 3558 44 13
115 3581 9 2
116 3627 6 4
117 3672 6 5
118 3683 14 4
120 3721 26 5
121 3799 6 5
122 3820 5 1
126 3944 41 5
127 3972 13 4
128 4044 6 5
129 4106 9 2
130 4134 19 14
131 4145 8 1
132 4183 2 2
133 4238 5 1
134 4262 10 14
136 4287 8 1
137 4311 45 15
138 4311 2 1
139 4406 9 2
140 4512 8 2
141 4522 3 15
142 4551 9 2
143 4596 3 15
144 4657 27 13
145 4663 9 2
146 4706 5 1
147 4712 3 13
148 4738 27 14
149 4748 17 1
150 4790 4 15
151 4905 5 1
152 4934 4 15
153 4960 9 2
154 4971 5 1
155 4987 29 16
156 5010 6 3
157 5018 7 16
158 5041 2 1
159 5098 6 16
160 5166 24 17
161 5187 3 10
162 5260 9 2
163 5301 3 15
164 5330 24 1
165 5376 3 15
169 5435 11 12
170 5490 3 12
171 5525 9 2
172 5580 5 8
173 5617 5 8
174 5711 18 11
175 5724 5 1
176 5767 4 6
177 5790 2 11
178 5835 6 18
179 5852 23 19
180 5865 10 18
181 5916 4 18
184 6005 24 18
186 6088 12 19
187 6168 5 19
188 6195 5 8
189 6237 18 20
190 6257 7 20
191 6304 6 3
192 6349 2 21
193 6368 5 8
194 6383 25 22
195 6413 2 22
196 6434 6 22
197 6459 6 3
199 6515 36 23
200 6524 10 21
201 6569 7 23
202 6629 4 6
203 6636 4 6
204 6668 6 18
207 6719 10 18
208 6752 4 6
209 6795 3 6
210 6890 5 1
211 6951 9 2
212 6981 5 1
213 7046 9 1
214 7066 2 1
215 7102 8 23
216 7113 23 5
217 7126 10 4
218 7200 24 17
219 7221 3 10
220 7254 10 5
221 7299 3 5
222 7367 22 2
