1 17 9 1
2 88 35 2
3 96 6 3
4 105 9 4
5 117 6 5
6 139 6 5
7 154 10 6
8 173 7 6
10 195 7 7
11 204 9 8
12 216 17 9
13 283 7 7
14 335 42 2
15 343 16 3
16 362 15 4
17 391 7 2
19 425 11 10
20 481 16 11
21 549 9 1
22 612 7 7
23 622 17 9
25 672 18 8
28 892 2 12
29 923 26 2
30 931 6 3
31 940 9 4
32 964 53 13
33 980 11 12
34 980 22 3
35 1022 3 13
36 1095 25 14
37 1166 6 7
38 1200 4 11
39 1222 3 13
40 1234 17 10
41 1309 6 15
42 1343 2 8
43 1389 16 15
45 1475 18 4
46 1639 19 14
47 1670 32 16
48 1681 7 7
49 1787 5 6
51 1845 9 4
53 1958 7 16
55 2003 14 17
56 2029 9 4
58 2103 20 4
59 2140 12 17
61 2258 7 7
62 2316 6 7
63 2325 16 18
64 2339 2 8
65 2345 7 6
66 2438 4 18
67 2502 7 7
72 2678 7 7
73 2688 2 8
74 2740 8 19
75 2774 7 7
76 2806 24 11
77 2824 6 7
78 2961 8 19
79 3002 9 4
80 3022 22 20
81 3057 6 21
82 3076 6 5
83 3093 4 21
84 3229 6 21
85 3245 10 7
86 3245 24 15
87 3270 4 7
88 3305 6 21
89 3337 6 21
90 3358 3 21
91 3424 6 21
92 3434 7 7
93 3466 7 20
94 3475 6 21
95 3502 7 7
96 3524 8 19
97 3593 5 15
99 3713 7 7
100 3741 40 1
101 3751 10 22
102 3818 6 5
104 3897 11 22
105 3897 19 23
106 3929 19 14
107 3967 3 14
109 4111 25 24
110 4154 14 6
111 4154 7 5
112 4179 11 22
113 4233 20 1
114 4273 10 22
115 4320 3 22
116 4402 4 22
118 4465 2 8
119 4484 7 23
120 4545 7 24
121 4557 9 8
122 4619 6 23
123 4630 6 5
124 4681 2 8
125 4686 8 22
127 4798 9 1
128 4828 2 8
129 4833 19 23
130 4833 11 22
