1 14 7 1
2 22 7 2
3 32 12 3
6 302 12 4
7 318 7 4
11 898 22 2
12 908 12 3
14 961 9 5
15 1137 12 6
16 1161 11 3
17 1178 2 6
18 1245 6 3
19 1265 18 1
20 1286 6 1
21 1364 2 1
22 1439 10 2
23 1767 14 2
24 2019 8 6
25 2172 7 6
26 2245 9 2
27 2556 8 7
28 2592 8 8
29 2602 18 9
30 2624 5 7
31 2741 8 7
32 2822 9 7
33 2866 4 8
34 3054 11 10
35 3067 11 10
36 3164 5 11
37 3181 7 5
38 3381 14 12
39 3414 3 12
40 3437 4 12
41 3449 16 2
42 3457 8 6
45 3782 9 2
46 3820 7 5
47 3920 9 2
48 3945 9 5
49 3963 2 5
50 3972 2 5
53 4191 7 5
54 4298 9 2
55 4322 9 2
56 4341 20 13
58 4420 3 13
59 4479 13 8
62 4695 12 4
63 4711 7 4
64 4769 7 6
65 4805 2 6
66 4851 8 14
67 4861 14 15
68 4878 8 5
69 4888 8 8
71 4931 9 2
75 5197 8 16
76 5226 3 16
77 5309 19 17
78 5320 8 6
79 5392 3 17
80 5675 13 8
81 5716 9 9
85 6234 2 11
86 6253 3 11
87 6293 2 11
88 6306 14 15
90 6328 9 14
91 6367 3 15
92 6433 3 14
93 6503 7 6
94 6625 3 6
95 6646 9 2
96 6676 16 18
97 6686 6 3
98 6694 3 18
99 6809 9 2
101 6869 14 19
102 6887 8 6
103 6907 13 19
104 6998 7 6
105 7015 7 1
106 7039 2 1
107 7052 13 5
108 7097 5 1
109 7517 19 2
110 7554 3 2
111 7724 9 2
112 7962 8 5
