1 27 13 1
2 34 6 2
3 60 13 3
4 103 6 4
5 112 10 5
7 116 6 2
8 146 37 6
9 184 53 7
10 196 41 8
11 292 11 6
13 328 23 7
14 340 11 8
15 369 13 6
16 385 5 7
17 406 3 7
18 431 3 5
19 438 6 4
20 448 2 1
21 462 5 1
22 504 3 5
23 510 23 7
24 522 11 8
26 579 6 2
27 621 16 7
28 627 10 8
29 660 13 3
30 677 7 1
31 759 10 5
32 763 6 2
33 798 32 9
34 863 22 7
35 874 11 8
37 943 10 8
38 982 6 4
39 992 10 5
41 996 6 2
42 1078 7 9
43 1112 14 1
44 1120 6 2
45 1128 7 1
46 1145 17 7
47 1151 11 8
48 1176 11 8
49 1431 17 7
50 1438 10 8
51 1495 5 2
52 1594 6 2
53 1639 5 10
54 1647 2 10
