1 70 2 1
3 147 8 2
4 159 2 2
11 479 12 3
13 502 105 4
14 528 79 5
17 645 12 5
18 672 18 6
20 739 7 3
21 749 3 3
25 795 122 7
26 819 16 8
27 819 3 3
29 860 11 3
30 873 2 3
31 879 16 3
32 1020 15 7
33 1030 5 8
34 1065 19 7
35 1092 2 7
36 1108 11 6
38 1291 15 4
40 1388 6 9
41 1396 3 9
43 1470 21 10
44 1527 2 10
46 1581 24 11
47 1607 7 11
49 1666 3 11
52 1698 9 12
54 1729 9 11
55 1778 17 12
56 1904 83 13
57 1980 7 3
58 2013 2 13
61 2288 25 14
62 2476 3 14
72 3273 10 15
73 3341 5 15
74 3638 28 16
75 3721 2 16
77 3862 28 17
78 3876 14 5
79 3882 7 3
80 3966 4 17
81 4053 10 17
82 4076 8 18
85 4223 16 18
87 4415 10 17
89 4526 4 1
