1 11 11 1
2 40 20 2
3 158 1 3
4 176 38 2
5 188 4 3
6 241 41 2
8 253 8 4
10 297 3 2
11 358 4 3
12 462 56 2
13 584 72 5
16 660 3 5
17 683 23 6
20 798 4 3
21 863 14 5
22 887 3 3
23 951 14 6
24 986 6 7
25 1010 26 7
27 1154 31 8
28 1175 10 2
29 1187 1 3
30 1215 3 2
31 1228 21 9
33 1251 7 9
35 1302 13 10
37 1335 7 8
38 1344 7 8
39 1373 9 6
40 1395 3 3
42 1499 2 8
43 1554 10 2
44 1565 2 11
46 1801 17 12
47 1945 23 1
48 1964 4 13
49 2196 17 12
50 2287 16 2
51 2320 6 14
52 2338 3 2
53 2370 18 12
54 2575 12 15
56 2626 3 16
57 2773 3 11
58 2884 4 13
61 3021 21 1
62 3038 4 13
63 3044 2 11
65 3105 14 17
66 3126 3 17
70 3333 18 2
71 3360 2 2
72 3405 139 2
76 3558 7 18
77 3568 3 18
78 3572 12 19
79 3587 6 20
80 3596 7 21
81 3608 3 19
82 3614 6 21
83 3631 10 2
84 3642 29 4
85 3685 13 22
86 3812 5 15
87 3820 3 15
88 3865 3 11
89 3865 9 2
90 3920 3 2
91 3930 14 8
93 4040 13 18
95 4087 7 23
96 4097 3 23
98 4144 7 24
99 4162 8 24
100 4171 9 2
102 4292 9 23
103 4311 8 22
104 4336 8 22
106 4426 21 9
108 4467 13 10
110 4489 18 16
111 4550 12 22
112 4564 14 8
113 4596 18 12
114 4644 27 25
115 4978 8 26
116 5051 13 27
117 5067 18 28
118 5094 6 29
119 5112 13 29
120 5129 6 27
121 5151 9 26
122 5176 6 30
123 5184 6 28
124 5228 16 28
125 5316 8 26
126 5346 7 26
127 5354 8 25
128 5457 22 25
129 5480 4 26
130 5543 6 26
134 5636 6 31
135 5672 10 25
136 5693 10 2
137 5739 6 30
139 5790 6 31
140 5872 6 25
141 6003 13 29
142 6097 10 25
143 6110 19 32
144 6131 8 32
146 6194 21 33
147 6235 9 34
149 6284 2 34
151 6449 12 34
152 6467 3 34
154 6497 29 35
156 6571 22 35
157 6583 10 36
158 6598 68 36
162 6669 6 35
163 6713 9 32
164 6727 25 37
165 6754 32 37
167 6974 6 8
168 7094 6 30
169 7211 17 2
170 7234 3 2
171 7312 4 2
172 7329 4 2
173 7359 6 20
174 7369 15 38
175 7376 8 8
176 7397 7 38
177 7439 8 2
178 7503 9 2
179 7551 13 2
180 7591 11 24
181 7674 8 2
182 7756 3 2
184 7842 10 25
187 7932 6 8
188 7939 27 33
189 7958 8 32
193 8101 17 39
195 8174 17 39
197 8253 8 34
198 8269 2 34
201 8470 6 30
202 8535 11 1
203 8578 44 40
206 8638 2 40
207 8676 56 2
208 8724 8 4
209 8773 5 41
210 8807 2 41
211 8847 2 41
212 8872 6 14
213 8882 6 14
214 8892 6 14
