1 16 21 1
2 39 13 2
3 54 14 3
4 70 15 4
5 87 16 5
6 105 17 6
7 124 22 7
8 162 13 8
9 267 11 1
10 281 7 2
11 370 5 3
12 378 7 4
13 396 7 5
14 406 7 6
15 454 11 7
16 527 11 7
17 639 4 9
18 1434 5 10
19 1442 7 11
20 1452 11 1
21 1560 4 10
22 1567 6 11
23 1719 5 10
24 1732 11 12
25 1758 11 1
26 1784 7 2
27 1892 8 13
28 2477 11 1
29 2491 7 2
30 2583 7 2
31 2720 8 14
32 2753 2 14
33 2926 5 3
34 2934 7 4
35 3230 5 3
36 3284 13 8
37 3416 5 3
38 3829 7 4
39 3924 5 3
40 4069 8 4
41 4092 5 3
42 4304 7 5
43 4314 7 6
44 4357 7 5
45 4944 7 6
46 4997 8 13
47 5052 11 12
48 5221 7 5
49 5230 7 6
50 5475 11 7
51 5534 4 9
52 5688 11 7