1 0 4 1
2 52 15 2
3 62 5 1
4 108 59 3
5 120 47 4
6 128 21 5
7 191 60 6
8 213 38 7
9 264 60 1
10 333 59 3
11 345 47 4
12 353 21 5
13 394 17 4
14 454 5 1
15 587 9 1
16 674 15 2
17 684 5 1
18 693 19 8
19 726 17 4
20 755 58 7
21 799 14 6
22 839 66 8
23 892 4 9
24 939 8 10
25 1023 6 8
26 1074 13 6
27 1090 15 11
28 1123 48 12
29 1178 3 13
30 1267 2 13
31 1281 8 10
32 1327 7 13
33 1360 4 1
34 1373 13 6
35 1426 7 6
36 1462 14 12
37 1492 4 1
38 1504 101 14
39 1526 14 6
40 1610 7 14
41 1654 14 6
42 1671 16 11
43 1690 24 15
44 1709 5 8
45 1781 3 15
46 1945 17 4
47 1995 5 5
48 2059 15 5
49 2077 18 2
50 2098 3 4
51 2209 5 5
52 2228 76 4
53 2285 19 13
54 2312 2 4
55 2431 7 9
56 2579 7 4
57 2626 17 4
58 2771 4 1
59 2868 14 2
60 2878 4 1
61 2893 69 16
62 2964 7 16
63 2993 5 1
64 3039 3 16
65 3093 14 17
66 3140 18 1
67 3185 2 17
68 3223 5 1