1 0 40 1
2 19 21 2
3 42 40 1
4 61 21 2
6 90 21 2
7 157 5 3
8 194 2 3
11 291 5 1
13 323 12 4
14 369 6 5
15 584 4 1
17 664 18 1
18 724 5 1
19 816 5 1
20 854 23 6
22 890 25 7
24 926 4 8
25 966 10 9
26 1000 3 8
27 1021 3 9
28 1134 15 10
29 1189 3 8
30 1221 2 8
32 1311 3 8
33 1344 57 11
35 1376 24 10
36 1469 36 6
38 1566 24 10
40 1666 4 8
41 1912 90 12
43 2044 2 12
44 2153 24 12
47 2608 72 13
48 2666 13 14
49 2780 12 14
50 2822 11 13
51 2893 4 13
52 2919 19 15
53 2966 3 15
54 2991 4 13
55 3016 4 15
56 3038 2 15
58 3062 56 7
60 3210 33 1
61 3359 18 1
62 3387 32 16
64 3430 45 17
66 3486 7 16
67 3496 6 17
68 3505 32 1
70 3546 21 2
71 3584 14 10
72 3623 33 18
73 3658 10 18
75 3978 13 4
77 4061 6 5
78 4070 18 7
79 4169 19 7
80 4244 18 7
82 4316 19 7
85 4609 19 7
87 4701 5 3
88 4734 75 11
91 4866 5 3
95 4960 21 2
