1 0 24 1
2 38 14 2
3 55 17 3
4 107 35 1
5 123 19 4
6 145 24 1
7 173 7 5
8 181 2 1
9 257 10 4
10 272 17 3
11 358 11 4
12 364 5 1
13 372 34 4
14 409 22 6
15 456 12 6
16 470 22 6
17 494 23 6
18 585 7 5
19 669 27 4
20 683 13 6
21 699 9 4
22 722 14 2
23 739 57 4
24 765 31 1
25 822 3 4
26 869 16 3
27 887 4 4
28 1030 2 4
29 1127 18 4
30 1133 12 1
31 1176 9 1
32 1203 7 5
33 1211 2 1
34 1305 10 4
35 1320 17 3
36 1399 13 7
37 1422 8 7
38 1476 9 8
39 1487 6 7
40 1497 5 8
41 1574 3 7
42 1791 47 9
43 1842 7 9