1 0 16 1
2 189 1 2
3 198 17 1
4 275 2 1
5 293 6 3
6 305 2 1
7 363 4 2
8 398 28 4
9 420 6 3
10 466 2 3
11 472 5 4
12 487 7 1
13 593 4 1
14 616 6 3
15 651 1 2
16 669 5 1
17 718 28 1
18 798 1 2
19 814 16 1
20 875 12 1
21 1006 16 1
22 1044 12 5
23 1094 3 1
24 1199 11 5
25 1221 5 1
26 1261 11 5
27 1339 17 5
28 1358 13 1
29 1401 16 1
30 1498 3 1
31 1639 16 1
32 1671 86 6
33 1781 12 6
34 1831 6 1
35 1866 16 1
36 2024 16 1
37 2282 16 1
38 2315 22 7
39 2363 3 7
40 2378 2 1
41 2506 7 1
42 2523 3 1
43 2595 1 2
44 2644 6 1
45 2693 3 1
46 2796 2 1
47 2857 1 2
48 2872 2 8
49 2885 4 1
50 2966 23 9
51 3007 3 9
52 3028 2 9
53 3168 1 2
54 3181 6 1
55 3223 2 1
56 3226 3 2
57 3263 6 1
58 3290 4 2
59 3320 1 2
60 3333 3 1
61 3358 3 1
62 3386 8 10
63 3445 13 10
64 3475 1 2
65 3490 6 8
66 3512 3 1