1 7 4 1
2 21 5 2
3 35 4 2
4 61 11 1
5 112 29 3
6 145 14 3
7 160 14 2
8 223 5 1
9 238 6 4
10 247 9 2
11 285 6 5
12 292 59 6
13 370 4 6
14 395 36 7
15 406 7 8
16 440 3 7
17 504 2 9
18 553 1 2
19 555 13 6
20 577 2 9
21 616 5 1
22 631 6 4
23 655 6 2
24 664 18 10
25 677 5 1
26 737 11 1
27 758 6 4
28 808 7 2
29 818 6 5
30 871 5 2
31 902 6 4
32 940 2 4
33 950 5 1
34 988 11 1
35 1036 12 11
36 1050 9 2
37 1114 6 4
38 1176 5 1
39 1184 6 4
40 1355 5 1
41 1365 6 4
42 1419 12 11
43 1453 5 1
44 1481 1 2
45 1664 2 12
46 1747 30 13
47 1789 5 13
48 1814 2 12
49 1865 3 13
50 1951 10 2
51 2088 4 1
52 2129 26 14
53 2136 5 1
54 2144 11 15
55 2169 6 4
56 2196 2 14
57 2283 4 1
58 2290 3 1
59 2447 8 14
60 2550 18 2
61 2571 6 4
62 2647 5 1
63 2762 11 14
64 2768 5 1
65 2800 2 14
66 2848 2 16
67 2875 3 16
68 2999 7 14
69 3017 62 17
70 3056 1 2
71 3100 3 17
72 3115 3 2
73 3334 4 16
74 3420 7 14
75 3439 2 16
76 3490 7 18
77 3522 3 18
78 3568 7 8
79 3758 5 1
80 3781 19 19
81 3781 4 16
82 3802 3 19
83 3843 1 2
84 4018 12 14
85 4025 5 1
86 4076 3 20
87 4098 2 14
88 4134 3 14
89 4179 2 20
90 4195 4 20
91 4289 5 1
92 4344 6 10
93 4437 5 21
94 4455 6 10
95 4463 4 21
96 4475 6 10
97 4604 10 2
98 4641 5 1
99 4825 23 4
100 4871 5 1
101 4880 17 22
102 4917 3 22
103 5016 6 4
104 5023 4 1
105 5029 15 22
106 5046 8 22
107 5056 11 15