1 11 64 1
2 18 7 2
3 28 5 3
4 59 16 4
5 80 8 2
6 101 5 3
7 132 16 4
8 169 3 2
9 209 5 3
10 226 3 2
11 248 2 2
12 270 16 4
13 321 2 2
14 334 16 5
15 420 16 5
18 518 3 2
19 702 2 2
21 877 3 2
22 928 4 3
23 1017 4 3
24 1106 4 3
25 1146 4 3
26 1156 74 6
27 1166 64 1
28 1175 5 3
29 1181 7 2
30 1214 16 4
32 1290 14 7
33 1328 4 3
34 1459 74 6
35 1469 64 1
36 1478 5 3
37 1484 7 2
38 1517 16 4
39 1668 74 6
40 1678 64 1
41 1687 5 3
42 1693 7 2
43 1726 16 4
44 1769 52 7
45 1808 13 6
46 1876 13 6
47 1914 21 7
