1 53 19 1
2 81 23 2
3 139 2 1
4 208 9 3
5 302 3 3
6 329 3 3
7 352 2 1
9 507 3 1
10 595 3 1
11 676 3 4
12 769 2 4
13 781 7 5
14 793 12 5
15 815 2 5
16 825 3 4
17 832 16 6
18 858 8 6
19 867 2 4
20 883 4 4
22 1023 12 7
23 1043 2 7
24 1083 2 4
25 1104 11 7
26 1138 3 7
27 1166 2 4
28 1169 3 7
29 1192 3 4
30 1236 9 7
31 1259 3 7
32 1375 9 8
33 1411 3 8
34 1425 14 7
35 1472 3 9
36 1489 2 9
37 1540 2 4
38 1604 3 4
39 1634 5 10
40 1642 31 11
41 1677 15 11
42 1693 3 10
43 1750 2 10
44 1775 19 1
45 1815 58 12
46 1815 5 1
47 1882 2 1
48 1904 13 13
49 1926 24 14
50 1958 7 14
51 1966 2 13
52 1982 14 9
54 2045 3 4
55 2057 14 7
56 2074 1 15
57 2089 3 4
58 2093 9 12
59 2269 6 16
60 2292 6 16
61 2580 35 17
62 2593 22 1
63 2618 22 17
64 2691 5 17
66 2823 11 18
67 2879 8 19
70 2938 39 20
71 3145 19 1
72 3220 3 1
73 3332 7 1
74 3477 4 1
75 3509 6 1
77 3617 3 1
78 3734 4 1
79 3784 3 1
80 3809 4 1
81 3933 7 1
82 3967 2 1
83 4012 21 21
84 4093 19 1
85 4135 13 1
86 4154 3 1
87 4192 26 22
88 4222 1 1
89 4243 4 1
90 4289 6 1
91 4313 3 1
92 4349 8 23
94 4426 1 1
95 4450 3 23
97 4528 5 1
98 4558 4 1
99 4582 2 1
100 4734 6 1
101 4812 2 1
104 4928 8 1
106 5027 6 1
108 5286 47 18
109 5553 14 24
110 5573 14 24
112 5626 14 24
113 5652 15 5
114 5826 12 25
115 5855 12 24
116 5983 12 24
117 6340 2 26
118 6368 2 26
119 6425 1 15
120 6444 19 1
121 6503 12 27
122 6536 12 27
123 6555 14 24
124 6602 3 1
125 6750 24 25
126 6776 6 1
128 6853 3 1
129 6918 12 1
130 6938 2 1
132 7166 6 1
133 7390 6 1
134 7412 4 1
135 7563 2 1
136 7591 20 28
137 7673 6 1
138 7682 3 28
139 7761 20 29
140 7833 3 30
141 7952 45 2
142 8021 2 2
143 8172 22 30
144 8179 15 2
145 8415 5 2
146 8486 24 22
147 8547 9 8
148 8631 20 29
151 8743 18 29
152 8779 6 31
153 8787 8 31
155 8867 20 29
157 8992 3 13
158 9052 22 32
160 9128 6 1
161 9286 1 1
162 9298 23 29
164 9373 3 1
165 9405 2 29
166 9455 18 29
167 9596 5 33
168 9640 4 33
169 9722 29 34
170 9729 22 32
171 9765 2 34
172 9790 1 1
173 9827 4 1
174 9834 4 1
176 9864 4 13
177 10039 20 29
178 10079 5 1
179 10092 3 1
180 10190 2 1
181 10268 5 13
182 10292 3 13
183 10627 21 35
184 10693 2 35
186 10830 21 36
187 10863 15 37
189 10898 3 36
190 10910 2 37
192 10967 3 1
193 11163 3 1
194 11201 2 1
198 11477 3 1
199 11509 4 1
200 11544 1 15
201 11578 25 1
202 11615 6 38
203 11632 2 1
204 11646 3 38
205 11772 7 19
206 11786 3 1
207 11847 2 1
209 11918 6 1
212 12068 1 1
214 12156 4 1
215 12201 1 1
216 12278 3 1
219 12332 1 1
221 12382 4 1
222 12404 51 20
224 12459 3 1
225 12550 2 1
226 12565 6 1
227 12644 3 1
228 12753 6 39
229 12826 5 39
230 12997 24 40
231 13035 4 40
232 13085 4 40
233 13135 12 20
234 13161 8 1
236 13269 6 1
237 13288 5 1
238 13325 3 1
239 13338 28 22
240 13368 2 22
243 13520 23 41
244 13532 2 4
245 13557 3 41
246 13586 17 5
247 13657 3 41
248 13763 1 1
249 13795 7 1
250 13845 4 1
251 13857 2 1
252 13891 3 42
255 13922 5 43
257 13981 2 42
258 13993 6 43
259 14001 5 43
260 14026 6 1
261 14071 2 1
262 14085 11 44
263 14102 19 45
264 14124 7 45
265 14167 15 45
266 14189 3 1
267 14212 3 1
268 14221 1 1
269 14225 3 45
270 14245 19 1
271 14305 4 1
272 14318 2 1
273 14436 1 1
274 14508 4 44
275 14555 3 46
276 14566 2 46
277 14614 4 46
278 14647 4 1
279 14687 24 22
280 14724 22 1
281 14781 6 1
282 14821 11 44
283 14834 2 1
284 14955 6 1
285 15020 20 47
287 15050 3 1
288 15054 28 21
289 15105 5 47
290 15149 3 1
291 15193 7 1
292 15230 2 1
294 15448 1 1
295 15454 92 48
296 15482 3 49
297 15548 3 48
298 15586 3 50
299 15600 7 49
300 15618 13 48
301 15686 4 1
302 15719 1 1
303 15749 20 50
304 15779 2 50
305 15813 1 1
306 15834 4 1
307 15931 24 22
308 15962 29 22
309 15995 19 1
310 16036 23 7
311 16062 5 7
312 16098 3 7
