1 0 9 1
2 26 34 2
3 38 22 3
4 63 9 4
5 103 7 3
6 120 13 2
7 131 2 4
8 135 7 5
9 144 8 6
10 154 7 7
11 163 7 8
12 172 4 9
13 178 6 10
14 187 6 11
15 196 29 2
16 207 18 4
17 265 21 3
18 280 6 12
19 302 19 1
21 417 6 13
23 438 5 9
24 465 35 14
25 481 6 10
26 502 9 14
29 573 9 1
30 612 6 13
32 628 6 11
33 663 8 5
34 673 9 6
35 684 8 7
36 695 8 8
37 705 10 15
38 788 6 12
41 823 9 1
42 874 3 15
43 914 7 3
44 925 3 15
45 981 7 3
46 1008 9 1
49 1073 2 4
50 1112 56 16
51 1133 35 3
52 1162 6 12
54 1308 7 3
56 1335 6 10
57 1344 7 8
58 1353 7 17
59 1378 27 16
60 1398 7 3
61 1410 2 17
62 1434 6 13
