1 8 9 1
2 37 18 2
3 57 23 1
4 142 6 1
5 163 5 3
6 201 5 3
7 321 6 4
8 396 6 1
9 408 12 5
10 457 12 6
11 493 6 4
13 556 6 4
14 584 13 4
15 725 8 7
16 744 6 4
17 779 5 8
18 791 41 4
19 834 7 4
20 1011 18 2
21 1158 6 4
22 1192 12 9
23 1279 6 4
24 1322 5 8
25 1384 12 2
27 1523 6 1
28 1585 12 2
29 1603 5 8
31 1839 6 4
32 1861 22 10
33 2007 8 10
34 2036 8 7
36 2184 5 8
37 2217 3 10
38 2228 12 5
39 2277 20 6
40 2313 6 1
41 2321 11 5
42 2358 5 8
43 2620 12 5
44 2696 12 9
45 2717 6 5
46 2732 13 11
47 2756 6 11
48 2925 16 12
49 2953 3 12
50 3006 6 13
51 3029 4 13
53 3239 12 5
54 3326 3 9
55 3408 11 14
56 3441 7 15
57 3509 13 14
59 3657 6 4
60 3664 16 16
61 3719 10 1
62 3784 6 1
63 3848 13 16
64 3864 12 10
66 3922 43 17
69 4079 2 17
70 4160 6 1
71 4347 12 2
72 4369 6 1
73 4402 11 6
74 4451 8 1
75 4522 5 3
76 4559 6 4
77 4599 12 5
78 4627 6 1
79 4712 2 1
80 4723 12 5
81 4789 6 9
82 4798 6 4
83 4812 5 8
84 5061 5 18
85 5156 13 10
87 5222 5 3
88 5319 8 19
89 5363 6 4
90 5385 6 1
91 5410 8 1
92 5432 16 19
93 5472 6 1
94 5504 11 19
95 5516 27 20
96 5697 11 20
97 5743 11 19
98 5810 6 1
99 5817 9 19
100 5887 29 19
101 5955 6 1
102 6032 8 1
103 6048 6 7
104 6146 2 21
105 6161 3 21
106 6180 5 8
107 6187 5 18
108 6202 7 15
109 6231 6 1
110 6355 6 1
111 6370 3 1
112 6403 5 3
114 6465 6 1
115 6479 13 22
116 6479 4 1
117 6508 3 22
118 6601 12 23
119 6628 3 23
120 6634 3 24
121 6652 2 24
122 6687 15 22
123 6696 6 1
124 6725 5 8
125 6751 4 8
126 6834 8 3
