1 2 22 1
2 27 7 2
4 71 12 3
5 99 3 3
6 204 12 1
8 237 14 4
9 254 13 5
11 363 12 1
12 429 3 1
16 610 3 6
17 616 14 4
19 679 9 7
20 697 2 4
21 750 3 7
24 782 6 8
25 789 3 4
27 952 3 4
30 982 7 2
32 1001 13 5
33 1034 9 7
34 1055 12 6
36 1077 3 5
40 1162 3 6
41 1183 9 7
42 1224 7 5
43 1234 2 5
45 1279 3 5
48 1384 12 6
49 1410 3 5
50 1428 4 5
51 1443 6 8
56 1514 9 1
58 1550 26 9
62 1656 19 10
65 1721 10 9
66 1782 4 11
67 1816 12 12
70 1838 4 9
71 1906 6 12
72 1926 4 9
74 1994 3 9
75 2062 3 11
76 2144 4 9
77 2159 68 13
80 2242 8 13
81 2251 10 9
82 2333 4 9
84 2450 11 1
85 2464 14 14
86 2498 11 1
87 2511 9 14
89 2555 11 10
90 2574 25 10
93 2637 3 11
94 2651 5 14
95 2666 10 10
96 2677 2 14
98 2712 3 11
99 2717 2 14
100 2747 15 10
101 2812 9 10
102 2835 2 14
106 2936 7 1
107 2945 18 15
108 3016 7 16
109 3025 2 15
111 3043 10 17
112 3061 2 17
113 3073 12 12
115 3131 6 15
117 3159 7 16
118 3190 12 1
