1 10 6 1
2 41 8 2
3 52 29 3
4 61 20 4
5 85 11 5
6 91 5 4
7 108 56 6
8 162 2 7
9 170 107 8
10 217 60 3
11 227 20 4
12 251 26 9
13 337 28 2
14 359 6 3
15 391 9 8
16 448 44 4
17 520 6 10
18 538 6 10
19 565 26 9
20 612 10 11
21 640 5 4
22 716 18 3
23 725 9 4
24 835 2 1
25 1104 10 11
26 1119 16 5
27 1125 10 4
28 1147 11 6
29 1163 3 6
30 1198 9 4
31 1223 16 12
32 1232 7 13
33 1270 10 7
34 1323 10 3
35 1360 5 4
36 1367 10 4
37 1387 6 10
38 1457 13 12
39 1463 7 13
40 1603 9 4
41 1643 5 4
42 1664 28 14
43 1735 7 14