1 75 4 1
2 117 4 1
3 216 14 2
4 500 25 2
5 580 8 1
6 591 8 3
8 832 15 2
11 1038 8 3
12 1113 15 4
14 1330 8 3
16 1650 8 1
17 1782 18 5
18 1804 2 5
20 1950 8 1
21 2182 21 6
22 2246 2 6
23 3003 37 5
25 3425 8 1
26 3487 82 7
28 3607 3 7
29 3680 14 8
31 3762 2 8
32 3878 7 9
33 3991 6 9
34 4037 30 10
35 4077 3 10
36 4137 16 11
37 4166 3 11
39 4192 9 8
40 4583 27 12
41 4787 35 13
42 4826 3 13
43 5259 27 14
44 5303 11 14
45 5491 26 12
46 5682 15 4
47 6358 8 15
48 6452 7 15
49 6493 4 15
50 6500 21 16
51 6524 2 16
52 6637 4 1
53 6684 3 1
54 6730 7 1
55 6798 2 1
56 7049 7 15
57 7092 8 1
59 7229 23 17
60 7255 2 17
61 7392 6 15
62 7460 33 18
63 7683 12 18
64 7735 40 19
65 7823 3 19
66 8270 15 2
67 8774 8 3
68 8878 3 3
69 9011 17 20
70 9030 2 20
