1 8 19 1
2 54 19 1
3 101 4 2
4 127 10 3
5 154 5 3
6 237 3 3
7 345 23 4
8 404 16 3
10 495 10 3
11 620 2 3
12 710 15 5
13 740 5 5
15 972 18 6
16 1034 5 6
17 1076 5 5
18 1148 5 5
19 1230 2 4
24 1356 44 7
27 1404 7 7
31 1520 14 1
33 1621 16 1
34 1640 16 1
35 1795 26 8
36 1823 10 1
37 1873 26 8
38 1962 6 1
39 2003 3 1
40 2012 3 1
41 2130 24 8
42 2150 4 2
43 2183 3 8
46 2291 6 1
47 2323 21 1
48 2464 30 3
49 2500 24 1
52 2805 11 3
53 2833 33 1
54 2889 26 9
55 2929 3 9
58 3107 10 3
59 3120 5 3
60 3185 3 3
62 3230 4 3
63 3303 4 2
64 3379 21 1
66 3577 11 3
67 3631 14 3
68 3756 7 3
69 3778 4 2
71 3827 4 2
73 3963 11 10
85 4389 4 2
89 4498 11 10
