1 0 30 1
2 18 12 2
3 45 80 3
4 70 55 4
5 89 36 5
6 98 27 6
7 147 33 4
8 155 25 5
9 164 16 6
12 272 7 7
13 326 4 1
14 350 13 3
15 442 63 8
17 455 15 4
18 507 3 1
19 555 22 8
20 604 6 9
21 622 3 10
22 648 36 9
26 698 3 10
28 781 17 9
30 833 6 11
31 850 3 10
33 894 3 9
34 935 8 8
35 945 8 11
36 973 11 9
37 1022 10 9
40 1176 7 7
41 1196 29 11
46 1330 32 1
47 1350 12 2
48 1389 57 3
49 1402 44 4
50 1410 36 5
51 1419 27 6
52 1479 17 3
53 1492 4 4
56 1562 66 6
58 1593 10 7
59 1702 3 6
66 1841 7 7
67 1891 9 6
68 1946 6 7
70 1990 10 6
72 2032 11 12
74 2036 7 7
78 2123 75 13
80 2173 11 12
81 2177 7 7
82 2202 4 13
83 2284 8 5
