1 107 15 1
2 213 41 2
3 262 3 2
5 339 16 3
6 390 8 1
7 514 19 1
10 630 11 4
11 653 17 1
12 682 9 3
13 694 8 1
15 849 7 1
16 859 8 3
17 893 8 3
18 946 7 1
19 969 50 5
21 1021 7 1
22 1060 8 5
23 1100 6 6
24 1164 6 6
25 1200 11 7
26 1218 8 3
27 1283 9 5
28 1304 8 3
29 1323 4 7
30 1339 4 3
32 1372 2 3
33 1497 2 3
35 1566 7 4
37 1657 8 3
38 1681 3 7
39 1708 18 8
40 1742 7 9
41 1761 4 10
42 1803 2 3
44 1843 8 9
45 1856 7 1
46 1879 8 3
47 1941 8 9
48 1975 8 1
49 1987 11 8
50 1999 8 3
51 2025 6 6
54 2094 6 6
55 2111 11 8
56 2153 9 1
57 2173 8 1
59 2228 9 3
60 2239 7 1
61 2276 6 1
62 2302 2 1
63 2311 9 3
68 2444 2 1
71 2479 2 1
73 2529 9 3
75 2552 2 3
76 2565 18 11
77 2565 4 3
78 2592 3 11
80 2610 3 12
81 2633 7 1
85 2669 9 5
86 2694 8 3
87 2708 4 10
88 2724 4 8
90 2741 23 11
91 2755 9 3
92 2784 3 12
93 2792 7 1
98 2841 8 5
99 2919 7 1
100 3003 6 6
101 3010 1 5
102 3066 6 6
103 3073 3 5
104 3091 8 3
106 3138 9 5
107 3150 14 13
108 3222 14 14
109 3274 8 1
110 3305 29 14
111 3319 15 15
112 3336 7 1
115 3378 4 16
116 3431 9 3
117 3461 2 3
118 3470 27 17
119 3506 2 3
120 3533 7 14
121 3576 9 1
122 3625 6 14
123 3651 7 15
125 3696 8 3
126 3707 5 10
127 3719 4 3
128 3733 6 13
129 3760 9 3
130 3790 3 3
132 3813 9 3
134 3869 9 3
136 3919 3 16
137 3931 8 3
138 3950 7 1
139 4031 2 3
140 4045 4 16
141 4077 4 17
142 4091 4 10
143 4104 4 10
145 4223 7 1
147 4350 9 3
148 4388 1 18
149 4407 8 3
150 4460 2 3
151 4474 8 1
152 4576 16 18
154 4669 8 3
155 4682 7 1
157 4834 7 1
158 4860 5 19
159 4869 7 19
160 4886 3 1
161 4900 2 1
163 4921 8 3
166 4999 8 3
170 5224 19 20
171 5245 7 20
172 5332 11 20
173 5388 11 4
