2 33 23 1
3 58 22 2
4 133 56 1
5 162 27 3
6 191 21 4
7 222 9 5
8 235 3 4
9 267 85 2
11 364 5 2
13 423 40 6
15 447 16 7
16 466 5 6
19 749 19 4
20 771 3 4
22 812 44 8
23 819 37 9
24 847 9 5
25 860 4 10
26 874 9 8
27 917 6 9
28 938 10 4
29 1011 16 7
30 1045 5 4
31 1053 3 4
32 1096 7 11
33 1279 9 12
34 1317 4 12
35 1435 7 3
36 1559 7 6
37 1567 7 7
38 1582 7 13
40 1647 3 13
41 1651 8 7
42 1713 12 4
43 1713 6 7
45 1732 7 7
47 1862 7 3
48 1975 14 7
49 2249 8 7
50 2288 14 7
51 2367 6 14
52 2374 17 7
53 2428 31 15
54 2468 5 15
55 2508 18 7
58 2657 20 7
60 2767 7 7
64 3014 2 16
65 3042 5 14
66 3087 8 7
71 3268 10 7
72 3332 7 1
75 3437 9 17
77 3508 7 17
78 3537 3 15
80 3614 3 16
81 3650 5 2
82 3706 83 18
84 3720 26 4
85 3822 15 18
86 3845 5 4
87 3875 3 4
88 3977 10 10
89 4119 5 10
90 4156 9 5
91 4179 11 10
92 4215 32 19
93 4226 9 5
95 4295 5 19
96 4550 5 4
97 4608 2 4
98 4643 14 20
99 4671 5 4
104 4776 8 20
105 4799 10 21
106 4811 8 21
107 4820 2 20
108 4853 6 2
110 4943 5 4
111 4960 3 4
112 4977 3 4
113 5010 5 4
114 5016 16 20
118 5201 13 2
120 5262 11 22
121 5276 14 23
123 5292 13 24
124 5308 10 25
126 5367 5 2
128 5423 2 2
129 5505 3 2
130 5645 6 2
131 5684 4 2
132 5711 13 26
133 5711 3 2
134 5826 2 26
135 5842 12 22
136 5857 13 24
139 5915 14 23
140 5994 11 25
141 6128 7 1
142 6136 13 2
144 6211 2 2
146 6251 5 2
147 6338 9 7
148 6414 7 1
150 6604 12 27
151 6619 3 27
153 6681 5 2
154 6753 10 2
155 6881 2 2
156 6975 5 2
158 7104 7 1
159 7206 2 1
160 7313 9 5
162 7343 9 1
163 7464 7 1
167 7556 5 2
168 7574 2 1
169 7641 14 28
170 7663 23 11
171 7681 5 4
172 7688 43 28
173 7747 12 11
174 7747 4 28
175 7815 3 11
176 7821 6 4
177 7918 7 11
178 7978 17 4
179 8031 2 11
180 8100 2 11
181 8161 5 4
182 8193 18 29
183 8227 4 29
184 8297 17 9
185 8317 14 28
186 8487 9 11
188 8618 7 3
189 8745 7 3
190 8797 14 2
191 8817 30 30
192 8895 9 30
194 8999 13 2
195 9015 3 2
196 9015 11 1
199 9190 29 3
200 9224 17 14
201 9339 5 14
202 9551 6 14
203 9706 6 3
204 9739 7 3
205 9775 6 14
209 10012 9 1
210 10037 5 2
211 10098 48 14
213 10151 16 7
215 10168 5 4
216 10185 12 31
217 10199 7 31
218 10233 6 2
219 10262 5 4
220 10281 10 10
