1 0 38 1
2 47 14 2
4 101 32 2
5 162 5 2
9 254 10 3
10 288 20 3
11 342 14 2
12 387 3 3
13 417 27 4
14 446 5 3
21 627 2 3
23 659 9 5
24 678 9 5
25 738 4 5
27 829 2 5
30 910 12 6
31 933 57 6
34 1054 7 6
36 1130 12 7
37 1185 23 7
39 1251 32 7
40 1319 17 4
42 1353 8 4
43 1370 19 8
44 1409 52 8
45 1417 12 6
49 1575 17 4
50 1622 16 9
51 1650 21 9
55 1795 16 9
56 1844 16 9
57 1867 6 9
59 1966 13 10
60 1991 36 10
64 2095 42 10
65 2153 14 1
66 2176 12 11
67 2198 24 11
68 2232 4 11
69 2245 26 4
71 2309 2 11
72 2520 13 12
73 2545 33 12
76 2626 7 12
