1 0 49 1
3 43 6 2
5 47 2 3
6 80 38 4
7 120 7 4
8 183 70 5
10 228 25 6
12 278 10 5
15 433 16 7
16 438 11 6
17 479 6 5
19 576 3 8
20 617 6 5
21 638 59 9
22 669 28 10
23 702 6 5
25 758 50 11
26 812 7 11
27 832 10 6
30 941 22 12
31 947 16 4
32 966 6 3
34 1058 6 5
36 1092 5 11
37 1129 9 4
38 1200 6 5
39 1249 9 4
40 1272 3 13
41 1307 3 4
43 1392 3 4
44 1392 9 12
45 1452 10 6
47 1551 29 12
48 1557 23 4
49 1583 13 14
51 1633 3 1
54 1746 3 2
57 1943 3 13
59 1998 11 6
61 2044 32 15
62 2057 3 13
63 2122 7 15
65 2156 76 16
67 2302 16 7
68 2307 11 6
70 2344 5 16
71 2375 3 13
72 2391 28 14
73 2428 8 14
74 2440 3 16
75 2474 11 6
76 2500 14 4
77 2551 3 4
78 2594 2 4
83 2733 3 2
85 3100 18 10
86 3208 6 3
88 3245 22 17
89 3270 16 9
90 3276 10 10
91 3307 3 17
92 3384 29 18
93 3389 10 14
94 3400 2 3
95 3403 10 14
97 3465 5 18
98 3472 3 17
100 3691 9 10
101 3723 5 10
102 3723 11 9
103 3746 3 10
104 3768 7 19
105 3779 3 10
107 4128 18 14
108 4162 6 19
109 4197 3 8
