1 10 25 1
2 60 28 2
4 80 8 3
5 131 19 2
6 152 122 2
7 182 17 3
8 230 2 3
10 287 48 1
12 369 40 2
13 413 7 2
14 421 6 3
17 586 36 4
19 692 3 4
20 707 19 2
22 858 9 5
23 869 22 5
24 879 12 6
25 894 10 5
27 950 3 5
28 960 24 7
30 1001 6 7
31 1019 2 7
33 1047 6 5
34 1097 24 5
35 1108 12 6
37 1145 5 5
38 1247 3 5
41 1331 43 8
42 1340 6 1
43 1446 27 9
44 1480 3 9
46 1538 9 8
47 1591 3 8
50 1706 5 8
58 1931 68 10
59 2002 26 10
60 2012 16 11
61 2049 28 12
62 2081 6 1
63 2101 18 13
64 2110 9 14
65 2165 37 15
66 2172 7 16
67 2181 21 17
68 2204 41 18
69 2231 14 19
70 2247 30 20
71 2259 18 21
73 2290 37 22
75 2311 16 23
76 2356 25 1
77 2477 19 2
78 2498 17 3
79 2551 22 5
80 2561 12 6
82 2618 25 8
83 2664 26 10
84 2674 16 11
85 2711 28 12
86 2760 18 13
87 2769 9 14
88 2799 15 15
90 2806 7 16
91 2816 18 17
92 2855 26 18
94 2883 13 19
95 2917 40 20
96 2929 18 21
97 2979 43 22
98 3024 14 23
