2 36 22 1
3 43 15 2
4 78 3 2
6 98 23 3
7 127 37 2
11 525 16 4
12 615 7 4
13 712 22 3
14 768 56 5
16 844 9 2
17 858 3 5
19 885 5 2
20 895 12 1
21 902 5 2
22 967 3 6
23 992 3 6
24 1007 5 6
27 1070 16 7
28 1087 60 8
29 1093 38 9
31 1185 4 9
32 1193 23 3
34 1245 15 10
35 1298 15 2
36 1345 20 11
37 1375 29 12
38 1381 6 10
39 1413 2 12
40 1492 15 2
41 1514 15 8
44 1652 9 2
46 1706 28 12
47 1719 15 10
49 1844 5 8
51 1938 9 13
52 1975 3 13
53 2070 9 13
54 2157 5 8
55 2176 8 10
56 2221 17 8
57 2249 3 8
58 2249 39 14
65 2416 4 14
66 2459 9 2
67 2565 14 14
68 2583 3 14
69 2614 30 11
70 2629 15 10
72 2675 9 2
73 2807 4 9
75 2847 16 7
76 2864 15 8
77 2895 3 8
78 2901 3 8
79 2953 3 14
80 2978 4 14
81 3010 9 2
82 3081 3 2
83 3119 14 2
84 3144 4 14
85 3163 4 2
86 3270 39 15
87 3294 15 2
88 3320 25 16
91 3393 6 17
92 3415 8 15
93 3424 2 16
94 3450 6 18
95 3532 2 19
96 3553 42 20
97 3597 3 20
98 3616 6 18
99 3631 3 19
100 3648 2 19
101 3805 4 19
102 3823 9 21
104 3833 3 21
105 3887 10 16
106 3908 12 15
107 3938 38 22
109 4051 16 4
110 4083 28 17
111 4199 2 17
112 4238 4 9
113 4254 4 22
114 4349 12 15
115 4392 25 2
116 4432 17 22
117 4453 3 22
118 4478 3 2
119 4504 3 22
120 4537 2 2
121 4601 2 23
122 4696 28 17
123 4761 5 23
124 4805 10 22
125 4818 14 14
126 4836 4 14
128 4879 3 17
129 4984 4 14
131 5122 4 14
132 5225 11 24
133 5239 2 14
136 5324 5 14
140 5496 17 22
141 5660 11 24
143 5757 15 2
145 5807 6 18
