1 41 8 1
2 130 6 2
3 171 7 1
4 183 2 1
5 183 9 2
6 232 16 3
7 242 6 2
8 263 6 1
9 286 2 1
10 309 2 1
11 324 27 4
12 334 17 3
13 345 6 2
14 405 6 2
15 423 5 4
16 423 17 5
17 462 3 5
18 561 7 4
19 644 19 6
20 675 43 7
21 711 7 1
22 737 16 8
23 755 15 9
24 772 21 7
25 795 22 10
26 973 5 11
27 988 6 2
28 1085 15 12
29 1094 6 11
30 1170 6 11
31 1188 3 11
32 1204 11 13
33 1209 6 11
34 1246 5 11
35 1253 4 13
37 1341 6 11
38 1391 16 15
39 1401 6 11
40 1410 19 15
41 1423 6 11
42 1431 24 15
43 1485 5 11
44 1552 9 15
46 1675 11 15
49 1815 16 15
50 1825 6 11
51 1896 3 11
52 1918 3 11
53 2001 3 11
54 2034 15 19
58 2191 11 19
62 2378 4 26
63 2418 18 11
64 2428 2 26
77 2801 6 11
78 2827 3 11
84 3137 17 44
85 3148 6 11
87 3182 3 11
89 3503 7 2
90 3511 29 47
91 3562 3 47
93 3590 6 2
96 3622 6 11
98 3674 6 11
101 3774 6 11
111 4077 19 63
113 4143 12 63
114 4168 28 65
115 4182 14 63
118 4290 6 63
120 4325 4 65
122 4349 5 65
125 4401 19 63
128 4461 12 63
132 4723 21 77
136 4848 21 77
138 4882 34 82
139 4909 7 77
140 4925 12 44
141 4931 6 77
144 4961 3 77
145 4997 4 82
149 5145 26 77
153 5210 2 77
161 5557 6 2
167 5864 6 2
172 6085 7 107
174 6113 19 6
177 6188 6 107
179 6216 6 107
180 6265 37 7
182 6296 6 107
186 6512 7 107
188 6649 21 6
189 6762 7 107
190 6781 2 107
196 7059 7 2
197 7067 3 2
198 7067 14 3
199 7093 6 107
200 7131 16 3
201 7141 6 2
202 7177 6 107
203 7195 27 122
204 7227 3 122
205 7268 17 3
206 7279 6 2
207 7298 3 2
208 7333 7 2
209 7373 6 2
211 7447 7 2
212 7455 14 3
213 7455 3 2
214 7498 22 107
215 7533 2 107
216 7611 24 124
217 7629 6 2
218 7670 3 124
219 7747 6 2
223 7869 28 128
225 7914 6 128
236 8651 21 140
237 8805 11 140
238 8830 4 140
239 8863 15 140
242 9318 14 143
243 9370 3 143
245 9518 16 145
247 9571 10 145
249 9631 6 11
250 9644 3 11
253 9729 6 11
256 9794 6 11
258 9850 6 11
259 9864 8 153
260 9864 3 11
261 9914 3 11
262 9970 17 153
263 9975 12 11
264 10123 6 2
265 10142 27 9
268 10248 7 11
269 10310 2 11
270 10393 3 11
271 10415 2 11
273 10657 26 157
274 10758 5 2
275 10795 19 157
276 10840 3 157
278 10960 3 157
279 11075 26 157
284 11403 6 11
289 11689 6 11
290 11712 29 9
297 12302 28 173
298 12332 2 173
302 12716 26 177
303 12759 2 177
305 12978 18 179
306 13011 3 179
318 13846 29 9
319 13903 16 7
321 14025 17 10
336 14417 12 206
337 14533 17 207
340 14647 5 207
345 15009 28 214
346 15020 17 215
347 15059 3 215
348 15078 5 215
349 15123 10 214
351 15181 5 215
355 15334 39 8
359 15420 22 107
361 15468 6 107
362 15539 22 107
363 15601 22 107
364 15668 22 107
365 15699 29 8
367 15905 22 107
368 15936 29 8
369 16213 6 107
370 16222 3 107
372 16236 29 8
374 16278 12 206
383 16516 6 206
384 16525 29 8
387 16596 5 2
388 16605 5 206
393 16717 22 206
395 16746 6 206
398 16843 5 2
403 16952 19 248
405 16996 12 248
410 17086 6 11
413 17122 6 11
418 17369 5 11
421 17429 6 11
423 17469 5 11
427 17554 6 11
432 17824 6 11
434 17869 3 11
439 18030 6 2
440 18044 5 2
442 18106 6 11
445 18140 3 11
449 18428 6 11
453 18691 6 2
455 18742 13 285
459 18881 2 285
461 18923 6 11
464 19097 7 2
475 19656 6 11
478 19737 6 11
479 19786 3 11
485 19949 26 309
487 20014 2 309
488 20131 6 2
489 20182 7 2
490 20205 3 2
492 20248 6 11
494 20277 3 11
496 20311 16 3
497 20321 6 2
498 20351 21 107
500 20400 2 107
501 20432 2 107
502 20508 5 3
503 20555 6 2
504 20589 38 7
506 20620 7 107
511 20771 6 11
514 20943 7 11
517 21097 6 2
518 21115 29 7
520 21360 7 2
521 21429 31 10
525 21540 12 11
526 21590 24 10
527 21607 7 11
531 21873 24 7
532 21890 7 11
533 21931 7 2
534 21954 14 3
535 21954 3 2
538 22016 6 11
542 22111 3 11
545 22214 6 11
547 22246 6 11
550 22279 6 11
554 22329 6 11
555 22393 5 11
560 22470 6 11
562 22541 5 11
564 22572 17 3
565 22583 6 2
567 22647 7 2
568 22670 14 3
569 22670 3 2
571 22706 6 11
573 22718 3 11
575 22800 17 3
576 22811 6 2
578 22837 6 2
580 22944 20 356
583 23011 2 356
585 23067 6 11
586 23074 3 11
587 23100 12 12
588 23100 3 11
590 23318 37 7
592 23349 6 11
594 23599 17 3
595 23610 6 2
599 24103 6 11
601 24189 6 11
604 24272 5 11
606 24287 37 7
608 24318 6 11
611 24448 7 2
613 24523 23 3
614 24566 6 2
617 24689 25 10
618 24734 6 2
621 24868 16 9
626 25029 6 11
629 25112 5 11
631 25136 3 11
633 25232 6 11
636 25290 3 11
637 25353 16 9
639 25411 7 2
640 25434 3 2
641 25434 14 3
643 25481 6 2
644 25546 12 9