1 0 8 1
2 10 10 2
3 223 8 1
4 413 3 3
5 445 8 1
6 521 3 3
7 538 9 4
8 619 2 3
9 631 9 4
10 1011 2 3
11 1051 9 4
12 1169 9 4
13 1286 6 5
14 1303 2 5
15 1354 9 4
16 1372 4 4
17 1416 2 3
18 1456 10 2
19 1495 3 3
20 1555 38 6
21 1566 8 1
22 1647 9 6
23 1739 2 3
24 1808 10 2
25 2056 10 2
26 2267 11 2
27 2443 4 7
28 2695 4 7
29 2725 3 7
30 3128 7 8
31 3160 4 8
32 3356 18 9
33 3391 4 9
34 3477 29 9
35 4389 11 2
36 4403 3 3
37 4496 3 3
38 4527 5 10
39 4555 6 11
40 4660 2 3
41 4889 3 3
42 4917 8 1
43 4933 5 10
44 5021 2 3
45 5213 10 12
46 5230 6 13
47 5331 3 3
48 5356 8 1
49 5438 9 12
50 5452 6 13
51 5466 2 3
52 5572 8 1
53 5605 6 11
54 5933 10 12
55 5980 6 13
56 6277 3 14
57 6327 3 14
58 6332 9 14
59 6601 3 3
60 6862 11 2
61 6931 10 15
62 6973 10 15
63 6989 13 16
64 7071 6 16
65 7104 6 16
66 7123 6 16
67 7400 2 16
68 7410 12 17
69 7431 15 18
70 7438 2 17
71 7462 3 18
72 7498 8 1
73 7529 3 16
74 7586 3 16
75 7619 3 16
76 7638 3 3
77 7648 2 3
78 7730 3 16
79 7811 10 19
80 7842 3 19
81 8187 3 19