1 0 11 1
2 41 6 2
3 92 6 2
4 210 10 1
5 223 1 3
6 300 24 4
13 611 21 5
14 639 17 6
16 660 11 5
17 675 15 6
19 764 11 7
20 848 7 8
23 967 5 9
24 974 22 9
26 1035 2 9
27 1060 10 7
28 1166 2 9
29 1196 11 7
30 1228 4 9
32 1294 1 9
33 1368 9 7
34 1398 8 4
35 1429 16 10
36 1457 8 11
37 1466 5 11
38 1466 18 10
39 1497 3 8
40 1504 8 8
42 1674 4 10
46 1876 4 10
49 1897 4 12
50 1924 4 12
52 2022 6 13
53 2146 8 13
54 2156 3 13
55 2305 6 13
57 2538 2 13
58 2612 1 13
59 2762 6 13
60 2835 2 13
61 3014 17 13
63 3191 18 14
65 3218 2 14
68 3273 2 15
69 3284 1 15
72 3352 9 16
73 3395 2 16
77 3478 2 16
80 3526 23 17
81 3540 9 16
82 3576 17 17
84 3619 7 18
86 3675 7 19
88 3708 3 19
92 3788 5 20
94 3861 3 20
95 3895 2 20
98 4020 4 3
99 4160 33 21
100 4195 2 21
101 4346 19 22
102 4373 2 22
103 4433 7 18
104 4578 2 23
105 4582 10 23
107 4691 3 23
108 4769 15 24
109 4818 3 24
110 4833 5 24
112 4870 7 18
