1 10 11 1
2 23 10 1
5 278 6 1
6 333 23 2
7 380 11 1
8 430 3 1
10 482 16 3
11 503 16 4
12 525 18 5
13 589 6 6
14 597 8 2
15 621 32 7
16 655 4 8
18 667 9 9
20 678 9 9
21 695 10 7
22 708 4 7
27 939 9 10
28 970 10 1
29 1023 17 11
30 1074 23 2
31 1110 5 2
33 1152 23 3
34 1204 14 3
35 1334 16 12
36 1422 9 12
38 1538 6 6
39 1558 11 8
40 1581 16 2
42 1656 20 13
43 1666 10 10
44 1695 6 6
45 1704 33 4
46 1731 6 1
47 1754 16 14
48 1764 6 15
49 1785 6 16
51 1820 13 4
52 1930 13 17
53 1954 21 4
54 1969 6 1
55 2088 19 18
56 2131 26 5
57 2151 6 1
58 2262 15 5
61 2446 6 1
62 2521 20 13
63 2531 10 10
64 2574 15 11
66 2617 3 19
67 2639 9 10
68 2650 7 19
69 2660 4 19
70 2679 4 19
72 2708 26 20
73 2741 4 20
74 2770 6 1
75 2860 11 1
77 2893 8 17
78 2903 6 21
79 2922 6 1
80 2936 16 14
81 2946 6 15
82 3070 11 1
83 3084 8 22
84 3150 11 1
85 3196 6 6
86 3206 11 8
87 3251 16 14
88 3261 6 15
89 3275 9 22
90 3311 8 17
91 3321 5 21
92 3343 12 16
93 3419 11 1
94 3455 5 17
95 3561 3 17
98 3637 8 17
99 3660 11 1
101 3720 6 1
102 3804 11 1
105 3962 6 1
107 4040 11 1
108 4074 33 23
109 4109 2 23
110 4146 16 2
111 4165 9 9
112 4282 19 18
113 4323 9 2
114 4545 6 1
115 4609 11 1
116 4708 11 1
121 5015 18 24
122 5052 11 1
123 5151 9 24
125 5177 6 6
126 5240 6 1
128 5522 10 1
130 5686 10 1
131 5909 6 6
132 6017 6 1
133 6282 20 13
134 6292 10 10
135 6353 26 25
137 6418 9 2
138 6433 3 25
139 6575 3 25
140 6805 6 1
141 6933 11 1
142 6974 11 1
144 7190 9 2
145 7211 6 1
147 7361 8 17
148 8097 11 1
149 8179 6 1
150 8317 11 1
152 8602 10 1
153 8786 11 26
154 8811 11 1
155 8938 11 26
156 9198 11 1
157 9219 13 27
158 9244 8 27
160 9620 11 1
161 9833 6 1
162 9857 2 1
163 9857 10 6
165 9870 12 6
166 9995 7 28
167 10177 7 28
