1 15 6 1
2 36 5 2
3 54 5 2
4 83 99 3
5 90 14 4
6 107 13 5
7 175 6 1
8 184 13 6
9 218 28 7
10 303 6 1
11 640 6 1
12 823 18 1
13 865 17 8
14 886 6 3
15 998 9 9
16 1089 9 8
17 1199 9 8
18 1221 14 3
19 1230 5 2
20 1261 9 9
21 1348 4 9
22 1379 6 1
23 1419 17 9
24 1464 19 3
25 1471 4 4
26 1478 5 5
27 1530 9 8
28 1564 6 3
29 1592 6 1
30 1634 6 3
31 1674 8 1
32 2024 9 8
33 2124 29 3
34 2131 22 6
35 2183 13 7
36 2218 6 1
37 2225 2 7
38 2298 2 7
39 2346 6 1
40 2442 6 1
41 2449 17 6
42 2461 5 2
43 2539 6 1
44 2570 8 1
45 2667 6 1
46 2710 63 10
47 2781 8 10
48 2980 6 1
49 3390 5 2