1 0 6 1
2 15 19 2
3 45 3 2
4 71 44 3
5 79 6 1
6 135 3 3
7 396 13 4
8 417 9 4
9 438 4 4
10 449 6 1
11 532 54 5
12 566 20 3
13 589 19 3
14 633 4 6
15 723 6 1
16 770 8 1
17 794 12 7
18 810 10 6
19 828 3 7
20 868 3 8
21 873 6 9
22 928 42 7
23 938 6 1
24 948 22 3
25 979 20 10
26 1016 25 11
27 1051 6 1
28 1060 6 12
29 1085 2 3
30 1168 2 3
31 1220 32 7
32 1231 21 3
33 1267 21 10
34 1294 3 3
35 1324 22 10
36 1374 37 13
37 1458 6 1
38 1520 3 8
39 1556 10 14
40 1580 4 14
41 1620 12 3
42 1808 6 3
43 1989 6 1
44 2094 5 15
45 2138 6 1
46 2172 9 15
47 2279 12 8
48 2308 13 16
49 2315 6 1
50 2352 2 16
51 2371 8 1
52 2660 6 9
53 2696 6 1
54 2795 15 17
55 2839 2 17
56 2877 19 17
57 2900 10 6
58 3076 12 3
59 3089 4 17
60 3142 9 17
61 3171 8 18
62 3185 5 19
63 3195 3 18
64 3234 6 1
65 3242 34 1
66 3272 4 6
67 3300 22 18
68 3308 5 19
69 3323 6 1
70 3342 27 20
71 3364 5 19
72 3373 3 20
73 3431 8 17
74 3441 3 17
75 3507 2 18
76 3526 6 19
77 3660 8 17
78 3743 8 17
79 3862 8 18
80 3977 12 3
81 4119 6 12
82 4134 3 8
83 4189 6 12
85 4354 22 22
86 4443 2 22
87 4584 6 1
88 4700 12 3
90 4728 8 1
91 4796 7 3
92 4845 28 13
93 4892 4 24
94 4947 24 25
95 4962 9 24
96 4974 108 25
97 5150 3 25
98 5254 12 3
99 5474 6 3
100 5523 6 1
101 5561 4 1
102 5561 19 3
103 5602 25 11
104 5628 89 5
105 5670 12 3
106 5747 8 1
107 5800 4 26
108 5818 5 27
109 5825 3 26
110 5880 1 26
111 5927 16 27
112 5934 3 26
113 6021 3 26
114 6117 3 28
115 6155 2 29
116 6164 15 30
117 6281 2 29
118 6338 5 27
119 6416 2 29
120 6464 2 29
121 6507 2 28
122 6526 19 31
123 6550 3 31
124 6554 3 28
125 6570 2 29
126 6577 3 31
127 6623 2 28
128 6635 8 32
129 6648 2 32
130 6658 3 28
131 6667 2 29
132 6736 2 28
133 6763 2 29
134 6787 15 30
135 6838 2 29
136 6852 9 33
137 6879 3 33
138 6921 3 33
139 6954 2 29
140 7028 6 1
141 7036 2 29
142 7047 9 30
143 7091 10 6
144 7103 6 30
145 7148 10 5
146 7203 15 30
147 7241 23 33
148 7307 4 33
149 7525 2 29
150 7758 6 1
151 7844 15 30
152 7937 6 1
153 8164 5 34
154 8252 7 34
155 8342 4 34