1 0 20 1
2 9 11 2
3 33 9 3
4 45 11 4
5 65 9 5
6 124 23 6
7 136 11 2
8 179 6 1
9 188 9 3
10 218 36 7
12 256 3 8
13 261 9 9
14 273 8 10
16 354 36 2
18 489 10 4
19 502 8 3
20 511 10 5
21 539 2 6
23 570 28 7
24 601 11 9
25 614 10 10
26 626 3 8
27 631 2 6
29 720 15 11
30 759 3 11
31 785 2 6
32 801 9 3
33 813 13 4
34 840 42 12
35 853 11 2
37 907 13 1
38 930 23 13
39 980 6 13
40 1049 6 13
41 1089 9 3
42 1163 6 13
43 1198 2 13
44 1233 3 6
45 1284 3 7
46 1407 18 14
47 1430 2 6
48 1451 14 7
49 1451 4 6
50 1486 10 14
51 1503 2 7
52 1516 2 7
53 1535 2 6
54 1590 17 12
55 1596 11 2
