1 0 27 1
2 15 12 2
3 38 24 3
4 71 36 1
5 91 91 4
7 205 15 5
8 231 19 1
9 238 43 2
10 265 16 4
11 293 8 4
13 339 25 6
14 360 4 7
15 388 12 2
18 549 9 8
20 628 25 8
21 655 34 2
23 691 33 2
25 726 27 2
27 768 12 2
29 802 26 8
30 848 38 4
31 888 4 4
32 974 29 6
33 999 4 7
35 1216 5 4
37 1239 25 8
41 1348 6 4
45 1526 8 4
46 1579 9 9
47 1614 5 4
48 1620 3 9
49 1755 14 4
50 1755 6 2
51 1770 12 2
52 1813 11 10
53 1881 21 10
54 1914 6 2
57 2069 2 11
58 2072 11 10
59 2087 3 11
60 2177 3 2
61 2185 5 2
62 2185 12 1
63 2198 12 2
64 2257 11 10
65 2287 8 4
66 2355 6 1
68 2494 22 5
69 2519 16 3
70 2552 12 2
