1 0 40 1
2 14 26 2
4 30 10 3
5 68 28 4
6 108 16 5
9 118 6 6
10 122 2 7
11 136 20 8
12 157 19 9
13 187 69 1
14 237 19 3
15 260 7 1
16 336 12 2
17 365 26 2
19 381 10 3
20 483 6 7
21 511 11 9
25 596 6 1
26 603 7 10
27 650 9 10
29 718 5 11
31 814 20 8
32 940 7 1
33 976 16 12
34 990 2 7
35 1062 19 9
36 1125 41 13
37 1198 11 12
38 1350 10 3
39 1363 4 14
40 1381 3 14
41 1437 5 15
42 1451 6 15
43 1459 7 15
44 1488 4 15
45 1519 7 1
46 1550 9 14
47 1574 22 16
48 1598 7 16
49 1662 4 14
50 1695 5 11
51 1714 16 17
52 1726 4 13
53 1760 2 17
54 1773 7 1
55 1783 7 1
56 1903 32 18
57 1916 19 9
58 2002 40 19
59 2070 46 5
60 2137 19 19
61 2178 51 20
62 2231 2 18
63 2279 41 13
67 2528 5 19
68 2541 10 19
69 2604 33 5
70 2634 3 6
71 2640 4 13
72 2647 14 4
73 2691 51 21
74 2726 4 13
75 2750 75 22
76 2763 36 5
77 2796 3 6
78 2840 4 4
79 2854 13 23
80 2881 43 24
81 2894 9 22
82 2928 7 23
85 3024 8 22
86 3035 10 24
87 3092 16 24
88 3159 5 19
89 3172 17 19
90 3223 4 13
92 3293 10 25
93 3313 3 19
95 3370 19 9
96 3391 10 19
97 3452 11 19
98 3465 3 19
99 3512 3 19
100 3542 40 20
101 3585 10 19
102 3624 3 19
104 3689 4 13
105 3724 59 26
106 3756 5 11
107 3794 3 26
108 3863 18 26
109 3917 6 26
110 3989 5 19
111 4002 10 19
112 4068 25 4
113 4113 41 13
114 4166 11 19
115 4179 49 21
116 4214 4 13
117 4278 3 19
118 4336 7 5
119 4359 4 13
121 4399 16 22
123 4470 28 27
124 4500 7 27
125 4537 4 13
126 4549 7 27
127 4640 5 11
128 4655 10 25
129 4720 8 27
130 4797 53 2
132 4813 37 3
133 4844 6 7
