1 0 31 1
2 10 6 2
3 41 32 3
4 50 8 4
5 106 26 5
6 115 17 6
7 135 12 5
8 183 6 2
9 199 7 3
10 234 18 1
11 255 8 7
12 265 3 3
13 292 6 1
14 317 24 1
15 335 6 2
16 353 65 5
17 420 16 5
18 451 6 2
20 516 5 1
21 524 5 1
22 532 7 3
24 644 7 7
25 653 5 1
26 672 28 8
28 715 17 1
29 726 6 2
32 765 5 1
35 854 13 8
37 904 2 8
38 925 4 1
39 957 21 5
40 966 12 6
41 1010 6 1
42 1019 8 4
43 1031 8 4
47 1135 8 7
48 1149 5 1
49 1157 7 3
51 1249 22 9
52 1326 21 5
53 1335 12 6
54 1391 6 2
57 1502 58 10
58 1516 15 9
59 1634 6 2
60 1650 35 11
61 1687 7 11
62 1724 53 12
64 1814 17 12
65 1843 9 11
66 1873 6 1
67 1881 9 11
68 1936 6 2
69 1951 5 10
