1 36 13 1
2 78 126 2
3 107 47 3
4 164 40 4
5 221 11 1
6 257 31 5
7 290 3 5
8 308 14 2
9 415 2 3
10 659 25 6
11 719 14 7
12 735 3 7
13 828 10 8
14 840 3 8
15 941 2 3
16 981 18 9
19 1018 5 10
20 1027 2 11
22 1039 5 10
23 1047 10 12
24 1060 11 13
29 1188 2 14
31 1200 5 15
32 1206 11 13
33 1218 5 16
34 1227 3 17
37 1244 11 13
38 1256 10 12
39 1327 14 18
41 1343 7 18
42 1392 8 19
43 1403 8 9
44 1414 2 11
45 1558 2 3
46 1579 2 3
47 1589 3 4
48 1660 10 7
49 1703 3 19
50 1708 3 7
52 1748 25 6
53 1775 3 6
54 1826 6 15
56 1847 12 13
57 1862 6 16
58 1924 8 14
59 1996 12 14
60 2011 3 17
63 2184 13 1
64 2200 12 13
65 2226 3 6
