1 0 3 1
2 4 27 2
3 44 5 2
6 88 14 3
7 104 39 4
9 115 6 3
10 146 13 4
11 171 46 1
13 220 25 1
15 282 26 1
17 330 8 5
22 451 2 3
23 460 3 1
24 466 3 3
25 486 3 3
26 502 3 1
27 506 23 3
31 625 23 6
34 750 4 3
35 765 6 5
36 823 3 1
37 833 15 1
38 851 17 1
39 898 9 7
41 952 3 3
42 980 2 7
43 1021 2 8
45 1043 6 3
48 1156 6 3
50 1245 9 6
52 1286 2 6
54 1321 2 6
56 1331 2 8
57 1353 3 8
58 1393 1 2
59 1406 12 8
60 1406 5 2
61 1421 1 2
62 1444 2 9
63 1468 2 9
64 1482 3 9
65 1515 3 3
67 1529 4 3
68 1537 2 9
69 1572 2 9
70 1586 3 3
72 1614 3 10
73 1618 7 11
74 1627 2 10
75 1640 7 11
77 1690 3 9
78 1732 2 3
79 1748 2 9
80 1774 2 9
81 1810 2 3
82 1822 3 9
83 1886 4 9
84 1893 2 3
85 1905 3 9
86 1921 9 9
87 1936 4 9
88 1952 4 9
89 1970 4 9
90 2014 2 9
91 2053 4 9
93 2130 2 3
94 2142 3 9
95 2174 3 9
98 2277 2 3
99 2289 3 9
100 2305 4 9
101 2323 2 9
102 2348 3 3
104 2367 2 9
105 2404 2 9
106 2433 4 3
107 2466 2 3
108 2480 3 9
109 2484 50 12
110 2507 3 9
111 2514 4 3
112 2537 2 9
113 2547 2 12
114 2611 2 9
115 2621 3 3
116 2636 2 3
118 2703 5 13
119 2715 25 14
120 2744 11 15
122 2774 6 14
123 2786 24 16
124 2803 7 17
125 2819 10 16
126 2834 1 2
131 2921 2 16
132 2948 9 17
133 2969 2 17
134 2984 4 14
135 3042 3 16
137 3069 5 13
138 3097 1 2
139 3127 11 15
140 3144 3 15
142 3173 3 2
143 3185 1 2
144 3216 1 2
145 3231 1 2
146 3247 18 13
147 3279 4 2
148 3306 11 14
149 3320 16 3
151 3367 4 2
155 3432 9 18
156 3474 8 18
157 3490 3 19
158 3494 18 19
159 3494 3 2
160 3574 4 2
161 3580 16 3
162 3601 7 1
163 3618 1 2
164 3625 1 2
165 3648 1 2
166 3658 2 3
