1 0 4 1
2 52 15 2
3 62 5 1
4 108 59 3
5 120 47 4
6 128 21 5
7 191 60 6
8 213 38 7
10 264 60 1
11 333 59 3
12 345 47 4
13 353 21 5
14 394 17 4
16 454 5 1
19 587 9 1
20 674 15 2
21 684 5 1
23 693 19 8
24 726 17 4
25 755 58 7
26 799 14 6
27 839 66 8
30 892 4 9
32 939 8 10
35 1023 6 8
36 1074 13 6
37 1090 15 11
39 1123 48 12
40 1178 3 13
41 1267 2 13
43 1281 8 10
44 1327 7 13
45 1360 4 1
46 1373 13 6
48 1426 7 6
49 1462 14 12
50 1492 4 1
51 1504 101 14
52 1526 14 6
54 1610 7 14
55 1654 14 6
57 1671 16 11
58 1690 24 15
59 1709 5 8
62 1781 3 15
68 1945 17 4
69 1995 5 5
70 2059 15 5
71 2077 18 2
72 2098 3 4
77 2209 5 5
78 2228 76 4
79 2285 19 13
80 2312 2 4
83 2431 7 9
86 2579 7 4
87 2626 17 4
91 2771 4 1
93 2868 14 2
94 2878 4 1
95 2893 69 16
99 2964 7 16
100 2993 5 1
101 3039 3 16
102 3093 14 17
103 3140 18 1
104 3185 2 17
106 3223 5 1
