1 0 19 1
2 21 6 1
5 89 18 2
6 101 6 3
8 124 28 4
9 154 2 2
10 164 7 4
11 182 5 5
13 246 2 2
14 263 4 6
15 277 3 2
16 289 7 7
17 324 2 2
18 331 2 6
19 334 16 4
21 372 3 6
22 386 7 7
23 397 4 7
24 411 6 7
25 424 10 4
26 435 35 8
29 462 3 7
31 472 6 8
32 488 12 4
33 501 17 9
34 520 7 9
35 534 2 4
36 537 5 9
37 537 14 10
38 553 8 10
39 575 2 4
40 592 6 10
42 635 8 10
43 666 85 3
44 678 17 2
46 702 7 4
47 718 6 2
48 753 2 2
49 763 12 5
50 769 6 4
51 790 2 4
52 810 3 4
53 846 18 11
54 888 31 4
55 937 14 11
56 959 3 11
57 1005 11 2
59 1050 5 3
60 1056 4 2
61 1097 8 10
62 1117 11 2
63 1162 7 7
64 1182 4 7
66 1196 15 4
