1 0 16 1
2 22 3 1
3 35 1 2
4 53 3 2
5 438 1 2
6 442 5 3
7 463 3 2
8 502 15 4
9 589 15 4
10 806 5 3
11 1038 1 2
12 1052 1 2
13 1152 8 5
14 1336 12 6
15 1437 4 7
16 1437 12 6
17 1491 4 6
18 1503 12 6
19 1503 4 7
20 1596 4 7
21 1903 3 2
22 1922 3 6
23 1980 8 5
24 1991 4 2
25 2000 4 8
26 2166 3 2
27 2166 8 8
28 2176 3 2
29 2213 1 2
30 2643 1 2
31 2799 5 9
32 2900 5 9
33 2932 4 9
34 2968 4 7
35 2994 4 7
36 3043 13 10
37 3063 2 10
38 3108 4 7
39 3128 10 10
40 3128 2 11
41 3198 4 7
42 3267 5 9
43 3287 5 7
44 3287 18 11
45 3330 4 7
46 3347 3 11
47 3392 4 7
48 3410 4 7
49 3453 12 12
50 3453 3 2
51 3475 26 13
52 3564 16 13
53 3600 3 13
54 3621 3 12
55 3627 34 12
56 3669 6 2
57 4017 10 14
58 4142 11 14