1 0 5 1
2 27 21 2
3 130 19 2
5 183 3 3
6 212 2 3
7 216 11 3
8 289 1 3
9 304 1 3
10 341 4 3
11 378 4 3
12 383 9 4
13 427 2 3
14 452 1 3
15 461 2 4
17 821 1 3
18 963 1 3
20 1427 1 3
21 1461 10 5
22 1545 7 5
23 1573 7 5
24 1631 3 3
25 1715 4 3
26 1916 4 3
27 1951 9 4
28 1968 4 3
29 2000 41 6
30 2005 4 3
31 2126 4 4
32 2151 3 3
33 2151 13 6
34 2738 5 7
35 2778 2 7
36 2906 3 3
37 3267 1 3
38 3346 8 8
39 3359 4 3
40 3546 8 8
41 3564 4 3
42 3634 1 3
43 3733 5 1
44 3740 5 1
45 3747 5 1
46 3768 5 1
47 3832 19 9
48 3853 28 9
52 3967 8 9
53 4029 4 3
54 4079 1 3
55 4139 8 10
56 4178 4 3
57 4205 3 3
58 4252 1 3
59 4273 8 10
60 4393 15 11
61 4411 21 12
62 4664 3 3
63 4814 6 13
64 5010 6 13
65 5117 8 11
66 5128 6 12
68 5562 6 13
69 6048 5 14
70 6065 1 3
71 6073 1 3
72 6080 4 3
73 6224 8 10
74 6372 1 3
75 6719 1 15
76 6749 1 15
77 6775 3 3
78 6798 17 15
79 6825 2 15
80 6853 1 3
81 6865 5 15
82 6884 2 15
83 6926 1 3
84 7004 4 3
85 7015 21 16
86 7065 3 16
88 7242 1 3
89 7628 23 17
90 7684 2 17
91 7706 1 18
92 7726 3 17
93 7863 23 17
94 8175 5 14
95 8181 1 3
96 8321 1 3
97 8385 25 17
98 8961 2 19
99 9073 3 20
100 9083 15 19
101 9110 1 19
102 9160 3 19
103 9183 2 20
104 9187 6 20
105 9198 5 20
106 9263 2 19
107 9290 4 19
108 9305 7 21
109 9315 11 22
110 9337 1 19
111 9376 1 19
112 9579 3 20
113 9628 5 20
114 9666 3 20
115 9786 10 23
116 9798 3 23
117 9961 9 20
118 9996 4 20
119 10037 8 19
120 10049 6 20
121 10067 23 17
122 10108 3 19
123 10145 23 17
124 10266 23 17
125 10531 1 24
126 10548 1 24
127 10559 1 24
128 10634 9 17
129 10646 23 20
130 10708 3 24
131 10764 1 24
132 10781 1 24
133 10865 3 24
134 10870 23 17
135 10968 1 24
136 11014 22 17
137 11053 23 17
138 11084 18 20
139 11173 20 20
140 11200 1 20
141 11213 9 25
142 11265 6 20
143 11275 6 25
144 11341 1 20
145 11347 3 17
146 11352 23 17
147 11432 3 17
148 11541 7 17
149 11553 7 20
150 11562 18 20
151 11604 8 19
152 11616 8 20
153 11628 3 19
154 11639 2 20
155 11642 3 19
156 11723 2 19
157 11746 1 20
158 11787 4 19
159 11804 2 19
160 11835 1 19
161 11838 7 20
162 11856 4 19
163 11952 2 20
164 11956 8 20
165 12106 6 19
166 12128 2 19
167 12134 4 20
168 12234 7 21
169 12250 5 22
170 12350 18 20
171 12382 17 18
172 12498 18 20
173 12598 22 17
174 12665 23 17
175 12690 4 17
176 12900 23 17
177 12933 44 11
178 12989 1 18
180 13019 3 11
181 13023 3 18
182 13070 2 11
183 13100 3 17
184 13105 23 17
185 13151 5 17
186 13173 3 17
187 13178 23 17
188 13233 3 17
189 13259 2 11
190 13274 23 17
191 13299 2 11
192 13331 3 18
193 13336 23 17
194 13363 1 18
195 13395 4 26
196 13470 23 17
197 13611 18 20
198 13634 1 26
199 13637 1 26
200 13640 1 26
201 13691 5 26
202 13700 3 26
203 13704 5 27
204 13726 3 26
205 13754 1 26
206 13808 15 26
207 13856 7 26
208 13872 7 17
209 13989 40 17
210 14074 1 26
211 14083 1 26
212 14087 6 27
213 14097 4 26
214 14261 2 26
215 14306 8 18
216 14338 7 26
217 14464 3 26
218 14480 3 28
219 14492 6 27
220 14505 1 26
221 14532 7 29
222 14556 6 29
223 14583 7 17
224 14604 2 29
225 14627 1 26
226 14637 2 29
227 14687 22 17
228 14742 8 18
229 14789 2 29
230 14821 1 26
231 14852 3 26
232 14890 3 26
233 14897 3 28
234 14907 7 29
235 14965 8 17
236 14975 8 18
237 15008 13 26
238 15023 24 26
239 15055 4 26
240 15092 18 20
241 15164 1 3
242 15260 19 26
243 15282 1 3
244 15284 3 26
245 15427 1 3
247 15547 9 17
248 15590 38 30
249 15658 12 30
250 15729 8 17
251 15750 1 3
252 15894 12 31
253 16074 48 12
255 16124 12 18
256 16165 4 3
257 16170 18 18
258 16209 19 17
259 16357 1 3
260 16443 29 32
261 16544 23 17
262 16569 25 11
263 16626 12 18
264 16740 15 11
265 16808 2 3
266 16877 10 11
267 16943 3 18
268 16948 23 11
269 16995 3 18
270 17022 3 18
271 17073 25 11
272 17176 17 17
273 17228 25 11
274 17294 23 11
275 17319 17 17
276 17338 18 17
277 17364 17 17
278 17393 23 11
279 17418 1 18
281 17469 5 11
282 17486 17 17
283 17523 3 18
284 17536 4 11
285 17602 17 17
286 17641 25 18
287 17690 23 17
288 17818 7 17
289 17830 18 17
290 17857 23 17
291 17929 18 20
292 18064 1 33
293 18098 1 33
294 18119 2 17
295 18130 4 33
296 18136 18 17
297 18156 8 33
299 18198 3 17
300 18241 18 33
301 18275 2 33
302 18323 1 33
303 18350 3 33
304 18367 1 33
305 18521 1 33
307 18593 3 33
309 18666 13 34
310 18745 4 34
311 18780 29 35
313 18842 1 33
314 18871 11 36
315 18945 3 36
316 18971 18 20
317 19004 2 20
318 19007 4 33
319 19041 1 33
320 19100 2 33
321 19121 4 33
322 19165 24 19
323 19219 1 33
324 19259 4 33
325 19265 4 33
326 19336 1 20
327 19353 2 33
328 19369 8 33
329 19453 1 33
330 19497 23 11
331 19524 1 33
332 19529 3 17
333 19534 9 17
334 19547 23 11
335 19580 18 11
336 19600 15 11
337 19631 8 33
338 19641 7 33
339 19649 3 11
341 19692 1 11
342 19694 3 33
343 19705 8 33
344 19777 1 33
345 19779 3 11
346 19784 12 11
347 19877 10 11
348 19897 2 11
349 20021 12 37
350 20037 2 11
351 20075 3 11
352 20173 3 11
353 20223 1 33
354 20261 35 11
355 20386 18 37
356 20427 3 37
357 20453 3 11
358 20460 1 33
359 20498 1 33
360 20508 3 33
361 20512 11 35
362 20540 1 33
363 20556 1 33
364 20561 4 11
365 20678 4 11
366 20730 2 11
367 20770 10 11
368 20782 10 11
369 20811 8 33
370 20821 1 11
371 20836 4 33
372 20862 2 33
373 20956 1 11
374 21057 2 11
375 21073 16 32
376 21144 6 11
377 21211 4 33
378 21220 3 11
379 21234 3 32
380 21268 2 11
381 21278 10 11
382 21380 1 33
383 21386 2 32
384 21415 1 33
385 21425 6 32
386 21472 35 38
387 21514 3 38
388 21623 10 11
389 21651 3 11
390 21656 3 11
391 21695 6 11
392 21814 18 20
393 21857 8 33
394 21869 1 33
395 22013 2 18
396 22017 17 18
397 22036 12 18
398 22058 1 33
399 22072 3 18
400 22090 12 18
401 22124 12 18
402 22140 5 33
403 22197 2 18
404 22215 2 18
405 22266 1 33
406 22320 2 39
407 22343 2 39
408 22467 2 33
409 22480 5 33
410 22494 3 33
411 22504 4 18
412 22509 17 40
413 22595 17 40
414 22672 2 40
415 22767 3 40
416 22883 2 40
417 22961 2 39
418 23124 3 33
419 23206 3 40
420 23311 10 41
421 23378 2 41
422 23447 14 1
423 23464 5 1
424 23471 5 1
425 23488 3 41
426 23578 1 33
427 23637 11 40
428 23667 2 40
429 23879 3 18
430 23892 5 33
431 23952 3 40
432 23989 1 33
433 24063 5 1
434 24070 1 33
435 24186 1 33
436 24424 4 31
437 24460 7 31
438 24469 14 32
439 24516 1 20
440 24570 18 20
441 24610 18 20
442 24672 8 33
443 24682 1 20
444 24695 1 20
445 24729 2 20
446 24775 1 31
447 24786 8 33
448 24807 7 31
449 24822 2 33
450 24918 3 33
452 24994 3 31
456 25211 10 42
457 25255 3 39
458 25284 3 39
459 25322 1 33
460 25345 1 33
461 25467 2 39
462 25543 2 39
463 25575 4 39
464 25615 1 33
465 25648 1 33
466 25871 1 20
467 25919 18 20
468 25954 1 26
469 25986 1 26
470 25998 3 28
471 26011 1 24
472 26036 1 24
473 26072 6 32
474 26111 3 39
475 26133 9 17
476 26144 1 33
477 26172 2 17
478 26175 4 33
479 26202 10 11
480 26214 2 11
481 26230 1 11
482 26279 4 11
483 26313 6 32
484 26334 4 32
485 26414 17 17
486 26436 23 17
487 26519 20 18
488 26543 23 17
489 26629 11 32
490 26689 7 32
491 26715 23 17
492 26859 7 17
493 26921 3 17
494 26955 8 33
495 26968 19 33
496 27035 2 17
497 27038 4 33
498 27059 1 33
499 27061 3 17
500 27091 7 35
501 27137 2 17
502 27163 2 17
503 27210 1 17
504 27230 2 17
505 27255 3 17
506 27301 8 33
507 27343 1 17
508 27368 1 17
509 27375 5 43
510 27385 12 43
511 27392 5 17
512 27424 2 17
513 27427 2 43
514 27467 1 17
515 27539 8 33
516 27569 1 31
517 27615 7 31
518 27716 3 3
519 27779 6 31
520 27814 7 17
521 27833 1 3
522 27835 3 17
523 27944 18 20
524 28006 2 39
525 28107 12 19
526 28131 1 3
527 28312 3 39
528 28316 4 3
529 28366 1 3
530 28543 3 39
531 28607 3 39
532 28667 9 39
533 28678 1 3
534 28721 8 10
535 28743 1 3
536 28783 5 1
537 28789 4 3
538 28810 2 1
539 28814 5 1
540 28970 2 39
541 29051 1 3
542 29276 4 39
544 29385 16 42
