1 0 42 1
2 44 4 1
4 194 27 2
5 217 4 3
6 256 9 4
9 326 10 1
10 383 27 5
13 450 5 5
15 568 41 2
16 568 9 4
17 620 19 6
20 773 16 7
21 819 4 8
22 827 12 9
23 841 3 9
26 1119 12 6
27 1170 13 6
29 1261 3 6
30 1581 10 10
31 1581 23 11
32 1613 4 11
34 1709 18 12
35 1868 17 12
36 2015 9 13
37 2036 48 14
39 2049 35 15
40 2086 3 15
41 2108 37 16
42 2116 16 4
44 2210 22 7
45 2235 4 8
46 2242 3 9
48 2262 2 13
49 2351 22 2
50 2401 25 17
53 2656 12 18
54 2689 22 2
55 2871 56 19
57 2929 5 19
58 2977 12 17
59 3023 31 20
61 3034 9 4
62 3093 3 15
63 3140 23 17
66 3185 17 21
68 3205 11 22
69 3218 15 21
71 3256 6 17
72 3286 4 21
73 3291 11 17
74 3323 23 23
76 3349 11 17
77 3400 3 17
78 3468 20 24
79 3474 14 25
80 3477 11 22
81 3507 13 26
82 3544 3 24
84 3569 13 27
85 3584 13 28
86 3591 6 24
87 3614 3 15
89 3686 4 24
90 3789 7 28
91 3822 5 24
92 3896 2 24
94 3935 12 27
95 3949 11 29
96 3956 4 23
98 3983 5 29
101 4029 4 23
102 4052 5 29
104 4103 6 29
105 4175 14 30
106 4200 12 17
107 4247 23 31
108 4315 33 32
109 4323 10 24
110 4336 12 27
111 4358 3 32
113 4462 14 30
114 4532 24 33
115 4570 16 14
116 4583 3 15
117 4639 11 33
118 4665 12 34
119 4764 33 35
120 4784 13 18
121 4799 7 35
122 4843 20 33
123 4849 14 30
126 4904 3 33
127 4953 9 4
128 5027 14 30
129 5043 34 36
130 5187 20 33
132 5481 19 37
133 5523 4 4
136 5597 32 33
138 5657 14 38
139 5733 6 33
140 5741 3 15
141 5810 8 39
142 5871 12 16
147 6006 5 40
148 6045 9 4
149 6112 2 16
150 6144 4 3
151 6196 39 41
152 6238 28 42
153 6308 9 43
154 6363 8 44
155 6444 8 39
156 6457 9 45
159 6634 11 46
161 6670 9 45
162 6743 24 42
164 6839 8 43
166 7043 9 16
167 7049 3 15
169 7122 14 16
170 7187 8 39
172 7245 12 46
173 7287 18 44
174 7287 9 4
175 7367 30 47
177 7454 4 3
178 7508 5 40
183 7745 7 46
185 7797 10 10
186 7842 12 16
187 7886 6 41
189 7894 11 42
192 7974 25 1
193 8001 12 1
194 8071 22 2
195 8094 14 48
196 8124 11 48
197 8192 11 2
199 8322 12 49
200 8355 13 50
201 8403 25 36
203 8438 10 49
204 8444 4 4
206 8512 6 50
207 8545 17 1
208 8609 14 16
210 8678 23 31
211 8804 5 41
213 8812 23 42
215 8896 21 51
216 8937 5 5
217 8996 19 51
218 9019 2 51
219 9075 24 33
221 9121 12 34
224 9192 12 33
225 9206 5 33
228 9366 19 37
230 9497 11 52
232 9546 4 1
233 9775 20 53
234 9791 4 1
235 9890 3 53
236 9991 19 54
237 10018 2 54
238 10032 6 1
239 10132 4 3
241 10263 12 17
242 10291 13 33
243 10312 14 25
244 10315 11 22
245 10377 13 55
249 10477 19 56
251 10645 3 55
254 10725 6 57
257 10817 10 58
258 10823 4 1
259 10847 5 5
260 10889 6 57
261 10914 21 59
262 10946 3 59
263 10963 6 1
264 11011 28 60
265 11026 13 61
266 11053 12 60
269 11129 4 1
270 11155 21 34
273 11227 5 5
274 11255 6 1
275 11303 11 60
276 11338 6 1
277 11366 13 61
278 11380 14 62
279 11380 8 43
280 11398 11 34
281 11456 18 56
282 11547 22 2
283 11570 6 1
284 11593 20 63
285 11686 19 64
286 11709 6 1
289 11863 22 47
290 11863 8 43
291 11910 42 65
292 11948 4 1
293 11966 27 65
295 12158 6 1
296 12180 11 60
297 12243 5 1
298 12345 10 1
300 12388 6 1
301 12412 11 66
302 12418 5 1
308 12599 6 67
309 12628 6 67
311 12693 7 66
312 12703 6 1
316 12849 5 58
321 13036 4 1
322 13130 5 1
323 13206 2 1
324 13350 4 1
325 13355 16 68
326 13400 6 1
327 13410 3 1
328 13430 11 2
330 13512 12 69
331 13583 16 68
332 13671 6 69
333 13715 4 1
335 13845 4 1
337 13883 16 70
339 13956 20 70
341 14037 12 60
342 14078 6 70
343 14107 5 5
345 14207 6 1
346 14266 4 1
347 14289 45 71
348 14337 13 71
352 14536 7 71
355 14691 19 64
356 14713 20 63
357 14802 2 63
359 14883 12 1
360 14917 14 38
362 14995 17 1
363 15027 2 1
364 15075 17 1
365 15132 45 71
366 15210 12 71
367 15243 12 1
368 15300 4 1
374 15387 10 4
379 15544 15 62
380 15544 8 43
381 15591 12 1
383 15661 12 1
386 15747 7 52
387 15783 30 1
389 15932 7 1
390 16027 15 72
391 16038 4 3
392 16102 5 41
394 16110 11 42
395 16162 4 1
396 16305 4 1
397 16336 8 43
402 16483 2 1
403 16565 5 1
404 16652 4 1
405 16779 20 1
408 16924 29 36
409 16954 17 73
410 16996 4 1
411 17197 5 5
412 17203 25 74
413 17361 4 1
414 17440 2 74
415 17511 4 74
416 17575 4 1
417 17767 4 1
419 18007 5 1
422 18105 4 1
423 18141 7 47
425 18210 10 1
427 18340 17 73
428 18359 26 56
430 18421 6 1
432 18525 8 43
434 18658 4 74
435 18698 4 1
436 18743 4 1
437 18779 27 75
438 18779 8 43
439 18855 2 75
440 18898 15 1
441 18898 9 4
442 18965 22 76
443 19023 3 76
444 19066 8 43
445 19066 15 77
446 19104 4 1
447 19140 15 1
448 19140 9 4
449 19200 8 43
450 19200 15 77
451 19287 9 4
452 19287 15 1
453 19331 51 78
454 19331 10 10
455 19416 3 78
456 19524 17 73
457 19547 4 1
458 19568 9 4
459 19568 32 2
461 19675 29 79
463 19783 5 79
464 19833 6 79
465 19854 6 79
468 20152 6 1
470 20198 4 1
471 20377 6 1
472 20425 29 36
473 20470 6 1
474 20527 6 1
475 20540 4 1
476 20546 83 80
479 21038 6 80
480 21164 27 81
482 21194 4 81
485 21261 16 82
486 21284 6 81
487 21323 3 81
488 21362 15 31
490 21391 24 20
492 21481 15 31
494 21503 20 72
495 21503 9 4
496 21543 10 26
497 21619 15 31
499 21645 14 43
501 21735 15 72
503 21746 4 4
505 21778 4 82
509 21866 13 3
