1 1 2 1
2 12 10 2
3 26 19 3
4 113 16 4
5 132 17 1
6 152 9 4
7 196 19 3
8 279 19 5
9 279 9 6
10 301 3 7
11 313 40 8
13 400 24 9
15 428 7 9
16 436 4 7
17 483 19 3
19 624 6 8
20 656 6 10
21 711 7 7
22 722 2 7
23 748 13 10
26 892 22 11
27 936 7 7
28 963 37 12
31 1010 3 12
34 1118 15 13
35 1142 13 14
36 1160 2 13
37 1176 3 14
38 1252 9 6
39 1252 17 5
44 1524 5 15
45 1533 7 16
46 1591 3 7
47 1602 6 15
48 1611 9 16
49 1654 5 6
50 1667 17 11
51 1694 9 4
53 1890 4 17
54 1945 1 17
58 2091 4 17
60 2152 21 18
61 2202 7 18
63 2303 9 4
64 2343 4 4
66 2408 19 19
67 2512 1 19
70 2644 19 3
71 2686 6 20
72 2699 9 20
73 2709 19 3
74 2846 21 21
75 2869 7 21
76 2943 9 22
77 2991 19 3
78 3034 10 2
79 3078 27 23
84 3188 3 17
86 3330 10 2
87 3451 9 22
88 3482 10 2
89 3530 19 3
90 3600 10 2
91 3631 30 3
92 3946 19 3
93 4075 3 3
94 4424 12 24
95 4450 3 24
96 4472 27 23
101 4882 5 25
102 4974 9 22
103 5128 5 25
104 5141 3 25
105 5214 9 22
106 5273 3 25
109 5790 20 3
110 6004 17 26
111 6048 41 27
113 6076 13 26
114 6095 2 27
115 6146 17 27
117 6228 16 28
119 6292 11 28
121 6363 22 29
122 6387 7 29
124 6455 26 30
125 6696 11 28
126 6737 19 3
128 6837 4 28
129 6853 27 30
130 6853 4 28
131 6928 10 2
133 6989 19 3
135 7067 23 31
136 7093 8 32
137 7104 6 31
138 7171 3 3
139 7252 9 32
140 7387 19 3
141 7430 18 3
144 7845 15 31
145 7867 20 32
146 7900 19 3
148 7945 2 3
150 8518 39 33
151 8661 12 33
152 8770 20 3
153 8845 3 3
