1 0 8 1
2 16 9 1
3 456 5 1
4 503 26 2
5 532 20 3
6 586 9 1
7 625 15 4
8 687 8 2
9 698 7 3
10 714 6 5
12 734 13 6
13 749 9 7
14 760 11 8
15 773 9 9
16 784 13 10
19 823 8 11
20 834 8 1
21 986 4 12
22 1053 9 1
24 1294 9 1
25 1333 5 1
26 1347 4 1
27 1371 64 13
28 1379 16 2
29 1541 8 1
30 1735 19 1
31 1771 2 1
32 1806 20 14
33 1831 8 1
34 1923 10 1
35 1957 10 1
36 1980 14 2
37 1999 13 6
38 2045 6 15
40 2191 27 16
41 2209 9 1
42 2220 3 16
43 2275 9 1
44 2441 13 4
45 2456 13 10
46 2471 9 17
48 2495 15 18
49 2610 5 12
50 2733 8 1
51 2829 5 12
52 2917 9 1
53 3349 9 1
54 3476 9 1
55 3628 14 4
57 4001 33 19
59 4062 8 1
60 4095 8 1
61 4813 47 20
63 4879 15 4
64 4957 45 21
65 5011 30 22
66 5054 31 23
67 5098 33 24
68 5144 8 24
69 5169 19 1
70 5211 9 1
71 5426 15 18
73 5624 15 25
74 5812 26 26
75 5887 9 27
78 5977 15 28
79 6011 13 29
80 6026 3 29
81 6072 11 17
83 6119 11 7
84 6132 15 10
85 6291 8 2
87 6500 9 1
89 6541 16 2
92 6658 14 3
93 6707 3 30
94 6873 3 30
95 6912 8 1
96 6947 14 2
98 6995 8 31
102 7180 9 2
103 7203 49 13
104 7253 11 1
105 7271 4 1
106 7294 11 8
107 7318 82 32
110 7444 11 32
111 7499 9 1
112 7567 9 32
113 7577 6 8
114 7592 31 33
115 7625 20 33
116 7685 34 20
118 7853 8 1
119 7940 3 34
120 8038 9 4
121 8056 7 3
122 8072 5 7
123 8086 5 9
124 8100 6 6
125 8126 8 2
126 8219 23 35
127 8219 12 34
128 8243 11 36
129 8258 7 36
130 8266 3 35
134 8483 5 12
135 8500 14 2
138 8639 4 37
139 8701 48 37
140 8760 16 37
141 8933 19 38
142 8967 15 18
144 9025 10 37
145 9065 30 39
146 9183 21 39
147 9207 6 40
148 9233 6 39
150 9340 6 34
151 9361 23 39
152 9444 9 1
153 9457 7 39
154 9541 5 12
156 9641 4 39
157 9822 4 12
158 9894 8 1
159 9933 11 41
160 10040 9 1
161 10157 13 4
162 10172 9 9
163 10183 13 10
164 10272 24 17
165 10414 5 17
166 10439 3 17
168 10550 9 17
171 10732 5 17
172 10756 21 14
174 10780 11 42
177 10840 23 29
178 10914 9 1
179 10980 12 43
180 10994 14 44
182 11066 4 37
183 11088 9 31
184 11113 10 45
185 11348 4 37
186 11366 23 39
187 11391 19 38
188 11412 15 18
189 11429 12 44
190 11443 10 43
194 11559 16 1
195 11593 13 45
196 11714 9 1
198 11782 11 46
201 11823 13 47
203 11902 52 48
204 11958 7 48
205 12018 13 8
206 12033 9 11
207 12044 14 3
208 12061 10 7
209 12075 6 48
215 12305 9 1
216 12337 3 1
217 12448 33 49
218 12532 19 50
219 12622 12 50
220 12759 9 1
221 12769 6 49
222 12865 9 49
223 12909 8 1
224 13075 11 40
225 13232 9 1
226 13279 4 1
227 13406 35 51
228 13425 16 1
229 13462 2 51
230 13905 35 52
231 13959 2 52
232 14313 9 1
234 14363 9 17
236 14548 3 17
237 14599 9 1
238 14885 8 1
240 15508 15 18
241 15636 3 18
243 15753 9 18
244 15787 8 1
246 15805 6 40
247 15829 11 40
248 15876 35 53
249 15876 8 54
250 15913 3 53
251 15985 11 40
252 16022 5 53
253 16076 11 55
256 16204 10 53
257 16233 8 53
258 16299 8 54
260 16353 32 21
261 16387 9 21
262 16428 31 22
264 16462 34 23
265 16572 11 40
267 16657 62 56
268 16657 11 57
269 16721 3 56
271 16774 45 58
272 16774 8 54
274 16963 12 40
275 17001 7 58
276 17011 4 59
277 17025 14 55
278 17073 12 40
280 17245 6 40
281 17326 11 40
282 17347 16 1
283 17497 14 34
285 17622 43 25
286 17622 14 57
287 17763 7 25
288 17774 48 22
289 17796 26 21
290 17834 10 60
291 17871 24 61
292 18002 28 62
293 18055 5 62
294 18086 9 1
295 18119 23 63
296 18204 2 63
297 18237 8 1
298 18279 3 63
299 18308 11 40
300 18329 16 1
302 18397 11 60
303 18397 48 64
304 18500 3 64
307 18555 9 54
308 18602 21 59
309 18625 40 65
310 18667 3 65
312 18744 8 54
313 18766 9 1
314 18794 11 40
317 18891 18 66
320 19002 12 40
321 19025 21 67
323 19098 9 68
325 19201 17 26
326 19257 8 68
328 19317 16 3
329 19335 13 41
330 19361 4 69
331 19403 9 69
333 19515 10 69
335 19582 8 70
336 19592 16 71
337 19610 16 72
338 19628 16 73
339 19647 13 70
341 19710 9 69
342 19764 15 66
344 19877 45 74
345 19955 13 70
346 19960 8 71
348 19989 13 70
349 20087 4 70
350 20116 3 70
351 20184 8 1
352 20200 3 74
353 20259 16 1
354 20278 4 69
355 20299 26 75
357 20490 4 69
358 20495 8 1
359 20574 13 49
360 20613 21 69
361 20635 13 1
362 20694 3 70
363 20712 45 76
365 20928 9 76
366 20947 3 76
367 20960 9 69
368 21003 17 76
370 21073 34 24
371 21161 20 72
372 21183 19 77
373 21204 15 78
374 21221 23 79
376 21430 11 80
379 21518 30 81
380 21672 24 78
381 21741 10 80
382 21800 3 78
383 21822 23 82
384 21898 15 83
385 21915 18 84
386 22031 10 80
387 22075 34 73
388 22126 23 85
391 22265 10 85
393 22351 8 73
395 22413 7 78
396 22423 11 86
398 22482 11 86
401 22564 44 87
402 22622 8 70
403 22669 14 83
405 22703 15 88
406 22754 21 79
407 22777 26 89
408 22805 17 86
409 22824 17 90
410 22843 12 78
418 23019 9 87
419 23033 18 91
422 23241 6 89
424 23339 58 92
425 23434 33 24
426 23491 27 93
427 23679 17 76
428 23698 15 77
429 23715 17 86
430 23734 21 79
431 23757 16 72
432 23775 15 88
433 23792 13 92
435 23822 12 82
437 23854 17 81
438 23873 12 78
439 23887 17 90
441 23925 15 28
442 23969 8 24
443 23986 52 94
444 24008 30 84
445 24023 15 83
446 24052 7 94
447 24166 34 24
448 24229 9 24
449 24270 17 77
450 24308 18 91
452 24384 6 24
453 24411 16 93
454 24491 6 24
455 24534 9 24
457 24594 18 80
459 24646 9 1
462 24785 58 95
464 24852 14 1
465 24869 6 96
466 24925 3 34
469 25009 9 96
470 25009 19 97
471 25064 33 98
472 25105 26 99
473 25144 8 99
474 25173 9 98
475 25217 2 98
476 25276 4 99
478 25324 8 98
479 25372 4 37
480 25381 6 40
481 25409 46 100
482 25476 2 100
483 25568 8 1
484 25590 9 96
485 25590 19 97
489 25718 6 80
490 25744 16 95
491 25763 15 78
492 25781 6 101
493 25805 16 1
494 25836 6 101
495 25877 28 102
496 25930 5 102
497 25969 11 101
499 26055 13 64
500 26070 16 67
501 26218 9 1
502 26313 10 45
503 26339 8 1
504 26495 9 1
505 26514 6 15
506 26674 22 38
507 26698 15 47
508 26715 12 46
509 26743 16 1
510 26881 23 39
511 26906 11 64
512 26937 9 1
513 27081 29 103
514 27126 5 103
515 27206 16 2
516 27225 15 6
519 27386 39 61
520 27474 8 61
524 27675 9 61
525 27778 9 42
528 27821 11 17
529 27834 20 104
530 27857 2 104
532 27871 20 33
533 27974 9 1
534 28056 14 61
537 28336 11 61
542 28726 6 5
543 28735 14 10
544 28766 23 105
546 28815 18 106
547 28843 9 1
548 28875 6 105
550 28940 11 106
552 29039 6 5
553 29066 10 5
554 29182 22 107
555 29206 3 107
556 29217 6 108
557 29242 5 108
558 29267 16 2
559 29286 10 9
560 29316 8 2
561 29328 4 108
562 29383 3 2
563 29396 5 108
564 29444 9 9
566 29495 7 108
567 29569 5 9
569 29606 4 108
570 29657 7 108
576 29849 9 1
578 29970 11 17
579 30194 19 109
581 30266 7 109
582 30313 15 4
583 30330 15 6
584 30347 16 2
585 30376 3 109
586 30453 10 109
590 30656 9 1
591 30752 45 110
592 30820 9 1
593 30868 5 110
599 31117 12 49
600 31156 9 1
603 31385 11 40
604 31550 16 1
606 31926 40 27
607 32178 13 49
608 32208 36 111
611 32289 11 49
612 32301 68 111
613 32435 21 74
614 32573 15 19
615 32709 15 75
