1 20 23 1
2 36 7 2
3 76 84 3
4 101 59 4
5 125 8 5
6 170 2 3
7 207 18 2
8 227 10 2
9 260 20 1
10 260 4 2
11 299 3 1
12 318 6 2
13 407 7 6
14 424 70 7
15 577 7 2
16 624 12 8
17 646 2 8
18 674 8 5
19 736 174 7
20 1098 55 9
21 1159 2 9
22 1242 6 2
23 1284 7 7
24 1422 12 2
25 1485 7 2
26 1507 6 10
27 1546 7 6
28 1557 18 7
29 1599 8 2
30 1717 8 2
31 1728 27 7
32 1728 3 2
33 1767 2 2
34 1834 7 10
35 1856 3 10
36 1875 4 10
37 1909 7 7
38 1933 2 10
39 2123 19 11
40 2144 3 11
41 2215 12 10
42 2429 7 2
43 2470 14 8
44 2518 3 8
45 2553 2 2
46 2606 17 4
47 2625 14 10
48 2640 3 2
49 2750 34 2
50 2792 8 5