1 38 7 1
2 49 2 2
3 64 3 1
4 187 2 2
5 273 16 3
6 303 8 1
7 337 4 1
8 426 9 3
9 446 2 2
10 451 5 2
12 587 3 2
13 651 4 2
14 666 2 2
15 688 73 4
16 688 4 2
18 732 2 2
19 939 7 1
20 1026 2 2
21 1055 4 2
22 1141 2 2
23 1207 2 2
24 1345 3 2
25 1388 13 4
26 1426 2 2
28 1474 2 2
30 1518 3 2
31 1536 17 5
32 1561 13 4
33 1644 57 6
35 1787 4 2
36 1816 2 2
37 1824 10 2
38 1865 4 6
40 1983 10 2
44 2070 3 2
46 2086 2 2
47 2117 6 7
48 2136 2 7
49 2141 7 6
51 2226 15 8
52 2249 2 2
53 2273 7 4
54 2283 5 7
55 2341 6 9
56 2361 18 9
57 2384 3 9
58 2388 13 10
59 2404 10 11
60 2439 7 12
61 2576 2 2
62 2595 60 9
63 2615 40 13
65 2770 4 2
66 2843 2 2
67 2863 6 9
68 2905 13 13
69 2945 6 9
70 2957 23 14
71 3076 11 2
72 3104 6 9
73 3169 7 14
74 3397 4 11
75 3404 7 10
76 3529 6 9
77 3538 2 9
78 3581 22 9
80 3652 27 15
81 3694 6 16
82 3701 5 17
83 3718 2 17
84 3743 6 15
85 3773 7 9
86 3801 6 16
87 3869 10 2
88 3989 9 18
89 3995 3 2
90 4010 17 19
92 4019 8 20
94 4124 13 10
95 4140 10 11
96 4152 23 2
97 4178 10 2
98 4211 17 19
99 4220 8 20
100 4256 10 18
101 4256 3 2
102 4268 3 19
103 4292 10 2
104 4408 10 2
105 4465 5 11
106 4485 23 2
107 4526 7 14
108 4536 10 2
109 4580 23 2
110 4629 17 19
111 4638 8 20
115 4802 20 14
122 5283 4 21
125 5336 17 19
126 5345 8 20
127 5380 35 21
128 5417 10 2
129 5447 15 9
130 5478 5 7
132 5499 4 2
134 5523 2 2
135 5567 4 9
136 5636 2 9
137 5654 2 9
138 5680 3 9
139 5851 3 9
140 5945 3 9
141 5988 2 9
143 6131 2 2
144 6313 23 2
145 6347 15 22
146 6398 17 19
147 6407 8 20
149 6465 3 19
150 6510 2 19
151 6533 15 22
152 6574 10 2
153 6593 23 2
154 6625 17 22
155 6645 10 2
157 6697 2 2
159 6719 2 2
160 6774 7 9
161 6958 2 2
162 6971 18 23
163 6990 7 12
164 6999 7 9
165 7009 2 9
166 7023 4 2
167 7034 4 12
168 7039 2 2
169 7109 4 2
170 7121 2 2
171 7278 4 2
172 7324 46 24
173 7333 2 2
174 7372 3 24
175 7396 2 2
176 7408 4 2
177 7421 3 24
178 7542 2 2
179 7561 21 25
180 7593 6 9
181 7608 5 11
182 7643 3 25
183 7657 2 2
184 7674 2 25
185 7698 2 2
186 7720 3 25
187 7725 2 2
188 7745 2 25
189 7755 25 25
190 7782 19 25
192 7925 7 1
193 7973 4 2
194 8015 2 2
195 8059 13 4
196 8160 2 2
197 8252 10 26
198 8282 4 2
199 8302 2 26
200 8318 2 26
201 8444 2 2
202 8489 14 8
203 8598 8 23
206 8657 3 2
208 8695 2 2
209 8709 6 9
210 8736 2 2
211 8784 7 1
212 8814 20 27
213 8872 2 27
214 8926 3 2
215 8977 3 2
216 9085 10 2
217 9170 3 2
218 9174 11 27
219 9211 5 27
221 9244 8 27
223 9288 3 28
224 9317 2 2
225 9353 3 2
227 9366 10 2
229 9431 4 2
230 9436 49 28
232 9512 1 2
233 9518 19 27
234 9544 1 2
235 9549 5 27
236 9586 8 9
237 9597 8 27
238 9616 3 28
243 9739 1 27
244 9748 5 2
245 9761 23 2
246 9902 2 27
249 10063 2 27
251 10152 3 28
252 10181 85 2
254 10252 3 27
255 10321 4 2
256 10327 23 2
257 10402 10 2
258 10498 10 29
259 10528 10 30
260 10547 6 30
261 10584 6 30
262 10663 3 30
263 10702 11 2
264 10717 7 1
265 10725 2 30
266 10767 10 29
267 10813 12 2
268 10932 10 2
270 11144 14 8
271 11284 18 1
272 11315 10 29
273 11330 4 2
274 11370 2 2
276 11481 3 1
277 11558 3 1
279 11599 17 1
280 11652 2 2
281 11675 3 5
282 11735 3 2
283 11749 5 5
284 11764 5 5
285 11809 28 5
286 11845 13 4
